11.000	3640.000	5080.000
12.000	3640.010	6630.000
13.000	3640.020	8200.000
14.000	3640.030	10690.000
15.000	3640.040	12370.000
16.000	3640.050	15540.000
17.000	3640.060	20630.000
18.000	3640.070	23030.000
19.000	3640.080	35420.000
20.000	3640.090	38310.000
21.000	3640.100	42150.000
22.000	3640.110	49390.000
23.000	3640.120	55830.000
24.000	3640.130	60150.000
25.000	3640.140	63560.000
26.000	3640.150	68260.000
27.000	3640.160	79660.000
28.000	3640.170	84370.000
29.000	3640.180	96960.000
30.000	3640.190	105400.000
31.000	3640.200	104860.000
32.000	3640.210	100470.000
33.000	3640.220	91030.000
34.000	3640.230	82580.000
35.000	3640.240	63930.000
36.000	3640.250	54710.000
37.000	3640.260	45040.000
38.000	3640.270	34070.000
39.000	3640.280	29240.000
40.000	3640.290	21330.000
41.000	3640.300	16850.000
42.000	3640.310	12570.000
43.000	3640.320	8250.000
44.000	3640.330	7280.000
45.000	3640.340	5330.000
46.000	3640.350	4200.000
