5.000	3631.440	1410.000
6.000	3631.450	1120.000
7.000	3631.460	1390.000
8.000	3631.470	1450.000
9.000	3631.480	1900.000
10.000	3631.490	1930.000
11.000	3631.500	1910.000
12.000	3631.510	2550.000
13.000	3631.520	3140.000
14.000	3631.530	3850.000
15.000	3631.540	4110.000
16.000	3631.550	5160.000
17.000	3631.560	6610.000
18.000	3631.570	7940.000
19.000	3631.580	9510.000
20.000	3631.590	11630.000
21.000	3631.600	14390.000
22.000	3631.610	16700.000
23.000	3631.620	18770.000
24.000	3631.630	24940.000
25.000	3631.640	28320.000
26.000	3631.650	33800.000
27.000	3631.660	42010.000
28.000	3631.670	50720.000
29.000	3631.680	63700.000
30.000	3631.690	76770.000
31.000	3631.700	89140.000
32.000	3631.710	100110.000
33.000	3631.720	103510.000
34.000	3631.730	108550.000
35.000	3631.740	112970.000
36.000	3631.750	120860.000
37.000	3631.760	139240.000
38.000	3631.770	152540.000
39.000	3631.780	163090.000
40.000	3631.790	173140.000
41.000	3631.800	172070.000
42.000	3631.810	165470.000
43.000	3631.820	150430.000
44.000	3631.830	136460.000
45.000	3631.840	110350.000
46.000	3631.850	100870.000
47.000	3631.860	87660.000
48.000	3631.870	73310.000
49.000	3631.880	63900.000
50.000	3631.890	50390.000
51.000	3631.900	41030.000
52.000	3631.910	34040.000
53.000	3631.920	24630.000
54.000	3631.930	18850.000
55.000	3631.940	15160.000
56.000	3631.950	11340.000
57.000	3631.960	9300.000
58.000	3631.970	7450.000
59.000	3631.980	5990.000
60.000	3631.990	5190.000
61.000	3632.000	3410.000
62.000	3632.010	2950.000
63.000	3632.020	2630.000
64.000	3632.030	2280.000
65.000	3632.040	1930.000
66.000	3632.050	1630.000
