1.000	4330.000	3900.000
2.000	4330.010	4440.000
3.000	4330.020	3970.000
4.000	4330.030	4220.000
5.000	4330.040	4330.000
6.000	4330.050	4540.000
7.000	4330.060	4670.000
8.000	4330.070	4840.000
9.000	4330.080	4750.000
10.000	4330.090	5150.000
11.000	4330.100	5570.000
12.000	4330.110	5320.000
13.000	4330.120	5750.000
14.000	4330.130	5870.000
15.000	4330.140	5920.000
16.000	4330.150	6660.000
17.000	4330.160	6560.000
18.000	4330.170	7320.000
19.000	4330.180	8030.000
20.000	4330.190	8740.000
21.000	4330.200	10050.000
22.000	4330.210	10390.000
23.000	4330.220	12230.000
24.000	4330.230	14840.000
25.000	4330.240	17130.000
26.000	4330.250	20410.000
27.000	4330.260	23880.000
28.000	4330.270	30890.000
29.000	4330.280	33390.000
30.000	4330.290	40570.000
31.000	4330.300	50080.000
32.000	4330.310	54190.000
33.000	4330.320	73340.000
34.000	4330.330	80270.000
35.000	4330.340	97070.000
36.000	4330.350	124500.000
37.000	4330.360	136280.000
38.000	4330.370	167660.000
39.000	4330.380	201690.000
40.000	4330.390	231500.000
41.000	4330.400	302660.000
42.000	4330.410	350250.000
43.000	4330.420	410820.000
44.000	4330.430	524320.000
45.000	4330.440	595940.000
46.000	4330.450	696410.000
47.000	4330.460	803530.000
48.000	4330.470	881150.000
49.000	4330.480	1011630.000
50.000	4330.490	1111080.000
51.000	4330.500	1207180.000
52.000	4330.510	1437180.000
53.000	4330.520	1568260.000
54.000	4330.530	1713490.000
55.000	4330.540	1843900.000
56.000	4330.550	1893680.000
57.000	4330.560	1829370.000
58.000	4330.570	1722160.000
59.000	4330.580	1585900.000
60.000	4330.590	1312240.000
61.000	4330.600	1180920.000
62.000	4330.610	986920.000
63.000	4330.620	826970.000
64.000	4330.630	704600.000
65.000	4330.640	547700.000
66.000	4330.650	466230.000
67.000	4330.660	397960.000
68.000	4330.670	309950.000
69.000	4330.680	265820.000
70.000	4330.690	218350.000
71.000	4330.700	177170.000
72.000	4330.710	150120.000
73.000	4330.720	121860.000
74.000	4330.730	107790.000
75.000	4330.740	97130.000
76.000	4330.750	86310.000
77.000	4330.760	77530.000
78.000	4330.770	68970.000
79.000	4330.780	60400.000
80.000	4330.790	53240.000
81.000	4330.800	42860.000
82.000	4330.810	35740.000
83.000	4330.820	29550.000
84.000	4330.830	26440.000
85.000	4330.840	22390.000
86.000	4330.850	18780.000
87.000	4330.860	17040.000
88.000	4330.870	15160.000
89.000	4330.880	11870.000
90.000	4330.890	10600.000
91.000	4330.900	10150.000
