1.000	4020.600	2990.000
2.000	4020.610	3150.000
3.000	4020.620	2880.000
4.000	4020.630	2760.000
5.000	4020.640	3090.000
6.000	4020.650	3050.000
7.000	4020.660	3520.000
8.000	4020.670	3890.000
9.000	4020.680	3700.000
10.000	4020.690	3840.000
11.000	4020.700	4890.000
12.000	4020.710	5340.000
13.000	4020.720	6460.000
14.000	4020.730	7450.000
15.000	4020.740	8510.000
16.000	4020.750	10110.000
17.000	4020.760	10900.000
18.000	4020.770	11850.000
19.000	4020.780	15700.000
20.000	4020.790	18690.000
21.000	4020.800	24400.000
22.000	4020.810	28870.000
23.000	4020.820	34170.000
24.000	4020.830	45730.000
25.000	4020.840	51890.000
26.000	4020.850	64370.000
27.000	4020.860	85210.000
28.000	4020.870	98490.000
29.000	4020.880	136950.000
30.000	4020.890	155990.000
31.000	4020.900	190920.000
32.000	4020.910	257080.000
33.000	4020.920	283480.000
34.000	4020.930	345730.000
35.000	4020.940	394680.000
36.000	4020.950	438250.000
37.000	4020.960	520060.000
38.000	4020.970	550900.000
39.000	4020.980	595640.000
40.000	4020.990	651400.000
41.000	4021.000	687850.000
42.000	4021.010	743230.000
43.000	4021.020	782550.000
44.000	4021.030	791080.000
45.000	4021.040	728860.000
46.000	4021.050	674900.000
47.000	4021.060	597260.000
48.000	4021.070	498510.000
49.000	4021.080	442640.000
50.000	4021.090	372290.000
51.000	4021.100	315910.000
52.000	4021.110	284740.000
53.000	4021.120	219730.000
54.000	4021.130	191360.000
55.000	4021.140	166240.000
56.000	4021.150	129380.000
57.000	4021.160	113330.000
58.000	4021.170	98490.000
59.000	4021.180	78950.000
60.000	4021.190	66310.000
61.000	4021.200	49460.000
62.000	4021.210	41230.000
63.000	4021.220	32930.000
64.000	4021.230	23430.000
65.000	4021.240	20670.000
66.000	4021.250	16380.000
67.000	4021.260	13070.000
68.000	4021.270	11140.000
69.000	4021.280	8430.000
70.000	4021.290	7350.000
71.000	4021.300	6440.000
72.000	4021.310	5530.000
73.000	4021.320	4880.000
74.000	4021.330	4460.000
75.000	4021.340	3990.000
76.000	4021.350	3410.000
77.000	4021.360	3270.000
78.000	4021.370	3400.000
79.000	4021.380	3030.000
80.000	4021.390	2610.000
81.000	4021.400	2240.000
82.000	4021.410	2680.000
83.000	4021.420	2060.000
84.000	4021.430	2160.000
85.000	4021.440	1830.000
86.000	4021.450	1740.000
87.000	4021.460	2000.000
88.000	4021.470	1680.000
89.000	4021.480	1460.000
90.000	4021.490	1780.000
91.000	4021.500	1500.000
