1.000	6219.600	1130.000
2.000	6219.610	890.000
3.000	6219.620	1140.000
4.000	6219.630	870.000
5.000	6219.640	1110.000
6.000	6219.650	1000.000
7.000	6219.660	1140.000
8.000	6219.670	1180.000
9.000	6219.680	1420.000
10.000	6219.690	1400.000
11.000	6219.700	1180.000
12.000	6219.710	1710.000
13.000	6219.720	1570.000
14.000	6219.730	2150.000
15.000	6219.740	2250.000
16.000	6219.750	1830.000
17.000	6219.760	2490.000
18.000	6219.770	2390.000
19.000	6219.780	2710.000
20.000	6219.790	3020.000
21.000	6219.800	3200.000
22.000	6219.810	3590.000
23.000	6219.820	3790.000
24.000	6219.830	4990.000
25.000	6219.840	5790.000
26.000	6219.850	6200.000
27.000	6219.860	7330.000
28.000	6219.870	9660.000
29.000	6219.880	10700.000
30.000	6219.890	11880.000
31.000	6219.900	16680.000
32.000	6219.910	19500.000
33.000	6219.920	31310.000
34.000	6219.930	33950.000
35.000	6219.940	42050.000
36.000	6219.950	59920.000
37.000	6219.960	64360.000
38.000	6219.970	77910.000
39.000	6219.980	99870.000
40.000	6219.990	119390.000
41.000	6220.000	197650.000
42.000	6220.010	228090.000
43.000	6220.020	264260.000
44.000	6220.030	325720.000
45.000	6220.040	339340.000
46.000	6220.050	336310.000
47.000	6220.060	316950.000
48.000	6220.070	300860.000
49.000	6220.080	254010.000
50.000	6220.090	238340.000
51.000	6220.100	211040.000
52.000	6220.110	177100.000
53.000	6220.120	157120.000
54.000	6220.130	131930.000
55.000	6220.140	109580.000
56.000	6220.150	91830.000
57.000	6220.160	67600.000
58.000	6220.170	58510.000
59.000	6220.180	50310.000
60.000	6220.190	35420.000
61.000	6220.200	33120.000
62.000	6220.210	27160.000
63.000	6220.220	22590.000
64.000	6220.230	19490.000
65.000	6220.240	12270.000
66.000	6220.250	11390.000
67.000	6220.260	9610.000
68.000	6220.270	7000.000
69.000	6220.280	6180.000
70.000	6220.290	5120.000
71.000	6220.300	4090.000
72.000	6220.310	4050.000
73.000	6220.320	3400.000
74.000	6220.330	3300.000
75.000	6220.340	3520.000
76.000	6220.350	2580.000
77.000	6220.360	2380.000
78.000	6220.370	2430.000
79.000	6220.380	2120.000
80.000	6220.390	2130.000
81.000	6220.400	1940.000
82.000	6220.410	1860.000
83.000	6220.420	1650.000
84.000	6220.430	1730.000
85.000	6220.440	1460.000
86.000	6220.450	1540.000
87.000	6220.460	1540.000
88.000	6220.470	1120.000
89.000	6220.480	1600.000
90.000	6220.490	1280.000
91.000	6220.500	1100.000
