1.000	3111.200	560.000
2.000	3111.210	610.000
3.000	3111.220	800.000
4.000	3111.230	640.000
5.000	3111.240	590.000
6.000	3111.250	640.000
7.000	3111.260	650.000
8.000	3111.270	580.000
9.000	3111.280	650.000
10.000	3111.290	700.000
11.000	3111.300	690.000
12.000	3111.310	910.000
13.000	3111.320	1010.000
14.000	3111.330	1030.000
15.000	3111.340	1260.000
16.000	3111.350	1550.000
17.000	3111.360	1210.000
18.000	3111.370	1690.000
19.000	3111.380	1960.000
20.000	3111.390	2650.000
21.000	3111.400	2680.000
22.000	3111.410	3620.000
23.000	3111.420	3660.000
24.000	3111.430	4990.000
25.000	3111.440	6620.000
26.000	3111.450	7840.000
27.000	3111.460	9140.000
28.000	3111.470	12220.000
29.000	3111.480	14480.000
30.000	3111.490	17310.000
31.000	3111.500	22560.000
32.000	3111.510	25560.000
33.000	3111.520	31650.000
34.000	3111.530	34140.000
35.000	3111.540	38320.000
36.000	3111.550	40390.000
37.000	3111.560	44860.000
38.000	3111.570	50220.000
39.000	3111.580	56420.000
40.000	3111.590	60280.000
41.000	3111.600	66970.000
42.000	3111.610	67230.000
43.000	3111.620	64760.000
44.000	3111.630	56720.000
45.000	3111.640	52310.000
46.000	3111.650	44910.000
47.000	3111.660	37610.000
48.000	3111.670	31130.000
49.000	3111.680	25320.000
50.000	3111.690	19970.000
51.000	3111.700	17050.000
52.000	3111.710	13450.000
53.000	3111.720	12130.000
54.000	3111.730	10750.000
55.000	3111.740	10980.000
56.000	3111.750	11350.000
57.000	3111.760	15160.000
58.000	3111.770	17220.000
59.000	3111.780	20650.000
60.000	3111.790	30230.000
61.000	3111.800	34670.000
62.000	3111.810	45130.000
63.000	3111.820	52060.000
64.000	3111.830	55990.000
65.000	3111.840	64540.000
66.000	3111.850	70380.000
67.000	3111.860	79360.000
68.000	3111.870	94830.000
69.000	3111.880	105870.000
70.000	3111.890	119040.000
71.000	3111.900	126780.000
72.000	3111.910	119500.000
73.000	3111.920	106640.000
74.000	3111.930	89560.000
75.000	3111.940	75870.000
76.000	3111.950	58970.000
77.000	3111.960	49180.000
78.000	3111.970	39530.000
79.000	3111.980	30350.000
80.000	3111.990	24820.000
81.000	3112.000	17650.000
82.000	3112.010	13490.000
83.000	3112.020	9890.000
84.000	3112.030	6610.000
85.000	3112.040	5240.000
86.000	3112.050	4080.000
87.000	3112.060	3320.000
88.000	3112.070	2580.000
89.000	3112.080	1960.000
90.000	3112.090	1590.000
91.000	3112.100	1650.000
92.000	3112.110	1160.000
93.000	3112.120	1240.000
94.000	3112.130	1080.000
95.000	3112.140	770.000
96.000	3112.150	870.000
97.000	3112.160	910.000
98.000	3112.170	800.000
99.000	3112.180	1000.000
100.000	3112.190	590.000
101.000	3112.200	890.000
