1.000	4312.300	970.000
2.000	4312.310	950.000
3.000	4312.320	980.000
4.000	4312.330	890.000
5.000	4312.340	1020.000
6.000	4312.350	1030.000
7.000	4312.360	990.000
8.000	4312.370	940.000
9.000	4312.380	970.000
10.000	4312.390	1210.000
11.000	4312.400	1380.000
12.000	4312.410	1420.000
13.000	4312.420	1390.000
14.000	4312.430	1660.000
15.000	4312.440	2000.000
16.000	4312.450	1880.000
17.000	4312.460	2290.000
18.000	4312.470	2440.000
19.000	4312.480	2760.000
20.000	4312.490	3450.000
21.000	4312.500	3620.000
22.000	4312.510	4720.000
23.000	4312.520	5290.000
24.000	4312.530	6540.000
25.000	4312.540	7760.000
26.000	4312.550	9030.000
27.000	4312.560	11450.000
28.000	4312.570	13130.000
29.000	4312.580	15330.000
30.000	4312.590	17080.000
31.000	4312.600	20980.000
32.000	4312.610	23040.000
33.000	4312.620	25530.000
34.000	4312.630	32060.000
35.000	4312.640	36030.000
36.000	4312.650	42520.000
37.000	4312.660	46290.000
38.000	4312.670	54700.000
39.000	4312.680	55870.000
40.000	4312.690	58050.000
41.000	4312.700	55440.000
42.000	4312.710	53920.000
43.000	4312.720	57800.000
44.000	4312.730	56590.000
45.000	4312.740	57180.000
46.000	4312.750	56140.000
47.000	4312.760	54070.000
48.000	4312.770	53080.000
49.000	4312.780	56320.000
50.000	4312.790	52750.000
51.000	4312.800	45260.000
52.000	4312.810	41440.000
53.000	4312.820	36510.000
54.000	4312.830	29210.000
55.000	4312.840	23840.000
56.000	4312.850	22120.000
57.000	4312.860	18330.000
58.000	4312.870	15820.000
59.000	4312.880	12740.000
60.000	4312.890	12020.000
61.000	4312.900	9880.000
62.000	4312.910	7450.000
63.000	4312.920	6840.000
64.000	4312.930	6280.000
65.000	4312.940	5100.000
66.000	4312.950	4190.000
67.000	4312.960	3510.000
68.000	4312.970	2520.000
69.000	4312.980	2340.000
70.000	4312.990	1840.000
71.000	4313.000	1800.000
72.000	4313.010	1500.000
73.000	4313.020	1250.000
74.000	4313.030	1170.000
75.000	4313.040	1210.000
76.000	4313.050	1030.000
77.000	4313.060	1020.000
78.000	4313.070	870.000
79.000	4313.080	980.000
80.000	4313.090	730.000
81.000	4313.100	780.000
82.000	4313.110	800.000
83.000	4313.120	760.000
84.000	4313.130	820.000
85.000	4313.140	590.000
86.000	4313.150	790.000
87.000	4313.160	680.000
88.000	4313.170	600.000
89.000	4313.180	610.000
90.000	4313.190	580.000
91.000	4313.200	600.000
