1.000	4074.400	630.000
2.000	4074.410	510.000
3.000	4074.420	570.000
4.000	4074.430	750.000
5.000	4074.440	710.000
6.000	4074.450	710.000
7.000	4074.460	1010.000
8.000	4074.470	850.000
9.000	4074.480	1140.000
10.000	4074.490	1020.000
11.000	4074.500	1200.000
12.000	4074.510	1240.000
13.000	4074.520	1480.000
14.000	4074.530	1480.000
15.000	4074.540	1640.000
16.000	4074.550	1830.000
17.000	4074.560	2170.000
18.000	4074.570	2300.000
19.000	4074.580	2620.000
20.000	4074.590	2980.000
21.000	4074.600	3810.000
22.000	4074.610	4170.000
23.000	4074.620	4840.000
24.000	4074.630	5790.000
25.000	4074.640	6600.000
26.000	4074.650	7450.000
27.000	4074.660	8530.000
28.000	4074.670	10190.000
29.000	4074.680	11150.000
30.000	4074.690	12850.000
31.000	4074.700	13560.000
32.000	4074.710	15730.000
33.000	4074.720	17800.000
34.000	4074.730	19480.000
35.000	4074.740	20890.000
36.000	4074.750	21660.000
37.000	4074.760	23330.000
38.000	4074.770	24750.000
39.000	4074.780	25600.000
40.000	4074.790	26690.000
41.000	4074.800	25620.000
42.000	4074.810	24980.000
43.000	4074.820	25780.000
44.000	4074.830	24120.000
45.000	4074.840	22860.000
46.000	4074.850	22600.000
47.000	4074.860	21740.000
48.000	4074.870	20130.000
49.000	4074.880	17720.000
50.000	4074.890	15700.000
51.000	4074.900	14550.000
52.000	4074.910	12240.000
53.000	4074.920	10310.000
54.000	4074.930	9080.000
55.000	4074.940	8680.000
56.000	4074.950	7050.000
57.000	4074.960	5220.000
58.000	4074.970	5250.000
59.000	4074.980	4460.000
60.000	4074.990	3130.000
61.000	4075.000	3270.000
62.000	4075.010	2550.000
63.000	4075.020	2100.000
64.000	4075.030	1990.000
65.000	4075.040	1790.000
66.000	4075.050	1580.000
67.000	4075.060	1370.000
68.000	4075.070	1190.000
69.000	4075.080	1000.000
70.000	4075.090	1090.000
71.000	4075.100	860.000
