1.000	6512.300	3350.000
2.000	6512.310	3670.000
3.000	6512.320	4050.000
4.000	6512.330	4130.000
5.000	6512.340	4900.000
6.000	6512.350	5900.000
7.000	6512.360	5900.000
8.000	6512.370	6890.000
9.000	6512.380	7830.000
10.000	6512.390	8170.000
11.000	6512.400	10510.000
12.000	6512.410	11200.000
13.000	6512.420	13070.000
14.000	6512.430	16170.000
15.000	6512.440	17810.000
16.000	6512.450	20370.000
17.000	6512.460	25080.000
18.000	6512.470	27200.000
19.000	6512.480	37340.000
20.000	6512.490	40510.000
21.000	6512.500	46890.000
22.000	6512.510	59160.000
23.000	6512.520	66010.000
24.000	6512.530	77020.000
25.000	6512.540	89970.000
26.000	6512.550	96650.000
27.000	6512.560	125140.000
28.000	6512.570	127290.000
29.000	6512.580	141990.000
30.000	6512.590	157770.000
31.000	6512.600	157030.000
32.000	6512.610	170250.000
33.000	6512.620	180310.000
34.000	6512.630	191720.000
35.000	6512.640	212110.000
36.000	6512.650	208270.000
37.000	6512.660	216970.000
38.000	6512.670	228040.000
39.000	6512.680	215660.000
40.000	6512.690	230730.000
41.000	6512.700	232190.000
42.000	6512.710	233610.000
43.000	6512.720	227520.000
44.000	6512.730	242820.000
45.000	6512.740	246620.000
46.000	6512.750	232480.000
47.000	6512.760	239740.000
48.000	6512.770	222550.000
49.000	6512.780	231020.000
50.000	6512.790	217300.000
51.000	6512.800	196210.000
52.000	6512.810	189640.000
53.000	6512.820	181270.000
54.000	6512.830	154890.000
55.000	6512.840	144730.000
56.000	6512.850	123570.000
57.000	6512.860	110070.000
58.000	6512.870	101510.000
59.000	6512.880	74680.000
60.000	6512.890	72420.000
61.000	6512.900	61900.000
62.000	6512.910	52350.000
63.000	6512.920	46700.000
64.000	6512.930	37980.000
65.000	6512.940	33350.000
66.000	6512.950	30340.000
67.000	6512.960	22220.000
68.000	6512.970	18770.000
69.000	6512.980	16900.000
70.000	6512.990	13490.000
71.000	6513.000	12750.000
72.000	6513.010	11180.000
73.000	6513.020	9710.000
74.000	6513.030	8350.000
75.000	6513.040	7140.000
76.000	6513.050	6420.000
77.000	6513.060	5790.000
78.000	6513.070	4700.000
79.000	6513.080	4980.000
80.000	6513.090	4770.000
81.000	6513.100	3820.000
82.000	6513.110	3910.000
83.000	6513.120	3290.000
84.000	6513.130	3360.000
85.000	6513.140	3140.000
86.000	6513.150	2720.000
87.000	6513.160	3000.000
88.000	6513.170	2630.000
89.000	6513.180	2560.000
90.000	6513.190	2350.000
91.000	6513.200	2200.000
