1.000	4311.100	1090.000
2.000	4311.110	940.000
3.000	4311.120	850.000
4.000	4311.130	960.000
5.000	4311.140	1080.000
6.000	4311.150	1050.000
7.000	4311.160	1020.000
8.000	4311.170	990.000
9.000	4311.180	1050.000
10.000	4311.190	1100.000
11.000	4311.200	1220.000
12.000	4311.210	1300.000
13.000	4311.220	1540.000
14.000	4311.230	1320.000
15.000	4311.240	1480.000
16.000	4311.250	1650.000
17.000	4311.260	1960.000
18.000	4311.270	2030.000
19.000	4311.280	2400.000
20.000	4311.290	2750.000
21.000	4311.300	3180.000
22.000	4311.310	3650.000
23.000	4311.320	3700.000
24.000	4311.330	4530.000
25.000	4311.340	5370.000
26.000	4311.350	5810.000
27.000	4311.360	7900.000
28.000	4311.370	9310.000
29.000	4311.380	10050.000
30.000	4311.390	13560.000
31.000	4311.400	15380.000
32.000	4311.410	17770.000
33.000	4311.420	20250.000
34.000	4311.430	22860.000
35.000	4311.440	27130.000
36.000	4311.450	31570.000
37.000	4311.460	35640.000
38.000	4311.470	44830.000
39.000	4311.480	44970.000
40.000	4311.490	51590.000
41.000	4311.500	56790.000
42.000	4311.510	59870.000
43.000	4311.520	69090.000
44.000	4311.530	72700.000
45.000	4311.540	75600.000
46.000	4311.550	78170.000
47.000	4311.560	80250.000
48.000	4311.570	83500.000
49.000	4311.580	81010.000
50.000	4311.590	82310.000
51.000	4311.600	77640.000
52.000	4311.610	74160.000
53.000	4311.620	72290.000
54.000	4311.630	66980.000
55.000	4311.640	59300.000
56.000	4311.650	53650.000
57.000	4311.660	50100.000
58.000	4311.670	47700.000
59.000	4311.680	37950.000
60.000	4311.690	32180.000
61.000	4311.700	28580.000
62.000	4311.710	22440.000
63.000	4311.720	20420.000
64.000	4311.730	17910.000
65.000	4311.740	15150.000
66.000	4311.750	12830.000
67.000	4311.760	9620.000
68.000	4311.770	7520.000
69.000	4311.780	6780.000
70.000	4311.790	5500.000
71.000	4311.800	4560.000
72.000	4311.810	4210.000
73.000	4311.820	3070.000
74.000	4311.830	3000.000
75.000	4311.840	2710.000
76.000	4311.850	2280.000
77.000	4311.860	2130.000
78.000	4311.870	1550.000
79.000	4311.880	1570.000
80.000	4311.890	1590.000
81.000	4311.900	1400.000
82.000	4311.910	1070.000
83.000	4311.920	1010.000
84.000	4311.930	1130.000
85.000	4311.940	1170.000
86.000	4311.950	1000.000
87.000	4311.960	970.000
88.000	4311.970	940.000
89.000	4311.980	770.000
90.000	4311.990	950.000
91.000	4312.000	800.000
