1.000	4075.500	480.000
2.000	4075.510	550.000
3.000	4075.520	520.000
4.000	4075.530	570.000
5.000	4075.540	580.000
6.000	4075.550	530.000
7.000	4075.560	580.000
8.000	4075.570	730.000
9.000	4075.580	680.000
10.000	4075.590	840.000
11.000	4075.600	650.000
12.000	4075.610	570.000
13.000	4075.620	770.000
14.000	4075.630	950.000
15.000	4075.640	940.000
16.000	4075.650	1010.000
17.000	4075.660	1080.000
18.000	4075.670	1240.000
19.000	4075.680	1290.000
20.000	4075.690	1570.000
21.000	4075.700	1830.000
22.000	4075.710	1780.000
23.000	4075.720	2260.000
24.000	4075.730	2590.000
25.000	4075.740	3040.000
26.000	4075.750	3760.000
27.000	4075.760	4340.000
28.000	4075.770	4740.000
29.000	4075.780	4940.000
30.000	4075.790	6600.000
31.000	4075.800	6900.000
32.000	4075.810	8070.000
33.000	4075.820	9600.000
34.000	4075.830	9950.000
35.000	4075.840	12690.000
36.000	4075.850	13910.000
37.000	4075.860	15520.000
38.000	4075.870	18170.000
39.000	4075.880	17820.000
40.000	4075.890	20400.000
41.000	4075.900	20790.000
42.000	4075.910	21630.000
43.000	4075.920	22680.000
44.000	4075.930	23090.000
45.000	4075.940	22480.000
46.000	4075.950	23060.000
47.000	4075.960	22260.000
48.000	4075.970	22540.000
49.000	4075.980	20640.000
50.000	4075.990	19800.000
51.000	4076.000	17750.000
52.000	4076.010	17820.000
53.000	4076.020	16660.000
54.000	4076.030	13270.000
55.000	4076.040	12890.000
56.000	4076.050	10690.000
57.000	4076.060	9180.000
58.000	4076.070	8360.000
59.000	4076.080	6540.000
60.000	4076.090	5800.000
61.000	4076.100	4960.000
62.000	4076.110	4340.000
63.000	4076.120	3530.000
64.000	4076.130	3240.000
65.000	4076.140	2610.000
66.000	4076.150	2100.000
67.000	4076.160	1950.000
68.000	4076.170	1540.000
69.000	4076.180	1500.000
70.000	4076.190	1300.000
71.000	4076.200	1260.000
72.000	4076.210	1090.000
73.000	4076.220	1010.000
74.000	4076.230	860.000
75.000	4076.240	800.000
76.000	4076.250	700.000
77.000	4076.260	820.000
78.000	4076.270	640.000
79.000	4076.280	590.000
80.000	4076.290	480.000
81.000	4076.300	660.000
