1.000	6510.400	1900.000
2.000	6510.410	2050.000
3.000	6510.420	1950.000
4.000	6510.430	2250.000
5.000	6510.440	2210.000
6.000	6510.450	1990.000
7.000	6510.460	2080.000
8.000	6510.470	2420.000
9.000	6510.480	2490.000
10.000	6510.490	2290.000
11.000	6510.500	2260.000
12.000	6510.510	2690.000
13.000	6510.520	3120.000
14.000	6510.530	3190.000
15.000	6510.540	3170.000
16.000	6510.550	3340.000
17.000	6510.560	3830.000
18.000	6510.570	3840.000
19.000	6510.580	4190.000
20.000	6510.590	4830.000
21.000	6510.600	4740.000
22.000	6510.610	4950.000
23.000	6510.620	6320.000
24.000	6510.630	6480.000
25.000	6510.640	7100.000
26.000	6510.650	8160.000
27.000	6510.660	9290.000
28.000	6510.670	10930.000
29.000	6510.680	11780.000
30.000	6510.690	14260.000
31.000	6510.700	16540.000
32.000	6510.710	18760.000
33.000	6510.720	25430.000
34.000	6510.730	27730.000
35.000	6510.740	32760.000
36.000	6510.750	44020.000
37.000	6510.760	49580.000
38.000	6510.770	58620.000
39.000	6510.780	70010.000
40.000	6510.790	77780.000
41.000	6510.800	108170.000
42.000	6510.810	110110.000
43.000	6510.820	130360.000
44.000	6510.830	176300.000
45.000	6510.840	182260.000
46.000	6510.850	204700.000
47.000	6510.860	226590.000
48.000	6510.870	239630.000
49.000	6510.880	268550.000
50.000	6510.890	257120.000
51.000	6510.900	268340.000
52.000	6510.910	282310.000
53.000	6510.920	280350.000
54.000	6510.930	279700.000
55.000	6510.940	282420.000
56.000	6510.950	284710.000
57.000	6510.960	308980.000
58.000	6510.970	299460.000
59.000	6510.980	309490.000
60.000	6510.990	312950.000
61.000	6511.000	309850.000
62.000	6511.010	319740.000
63.000	6511.020	307720.000
64.000	6511.030	305380.000
65.000	6511.040	289340.000
66.000	6511.050	274770.000
67.000	6511.060	246340.000
68.000	6511.070	225800.000
69.000	6511.080	215430.000
70.000	6511.090	181950.000
71.000	6511.100	156150.000
72.000	6511.110	146280.000
73.000	6511.120	114550.000
74.000	6511.130	105100.000
75.000	6511.140	90650.000
76.000	6511.150	67890.000
77.000	6511.160	64470.000
78.000	6511.170	55460.000
79.000	6511.180	46280.000
80.000	6511.190	41940.000
81.000	6511.200	28950.000
82.000	6511.210	27520.000
83.000	6511.220	23310.000
84.000	6511.230	19710.000
85.000	6511.240	17180.000
86.000	6511.250	13600.000
87.000	6511.260	11900.000
88.000	6511.270	11620.000
89.000	6511.280	8940.000
90.000	6511.290	8420.000
91.000	6511.300	7500.000
92.000	6511.310	6190.000
93.000	6511.320	6240.000
94.000	6511.330	5530.000
95.000	6511.340	5120.000
96.000	6511.350	4620.000
97.000	6511.360	4060.000
98.000	6511.370	4480.000
99.000	6511.380	3750.000
100.000	6511.390	3760.000
101.000	6511.400	4050.000
102.000	6511.410	3580.000
103.000	6511.420	3350.000
104.000	6511.430	3280.000
105.000	6511.440	3150.000
106.000	6511.450	2850.000
107.000	6511.460	2870.000
108.000	6511.470	2500.000
109.000	6511.480	2140.000
110.000	6511.490	2470.000
111.000	6511.500	2310.000
