1.000	4827.500	1860.000
2.000	4827.510	1900.000
3.000	4827.520	1820.000
4.000	4827.530	2040.000
5.000	4827.540	2010.000
6.000	4827.550	2310.000
7.000	4827.560	2040.000
8.000	4827.570	2220.000
9.000	4827.580	2400.000
10.000	4827.590	2620.000
11.000	4827.600	2830.000
12.000	4827.610	2420.000
13.000	4827.620	3010.000
14.000	4827.630	3160.000
15.000	4827.640	3130.000
16.000	4827.650	4160.000
17.000	4827.660	3940.000
18.000	4827.670	4190.000
19.000	4827.680	5480.000
20.000	4827.690	5470.000
21.000	4827.700	6000.000
22.000	4827.710	7090.000
23.000	4827.720	7260.000
24.000	4827.730	9080.000
25.000	4827.740	10720.000
26.000	4827.750	11550.000
27.000	4827.760	15460.000
28.000	4827.770	17050.000
29.000	4827.780	20420.000
30.000	4827.790	25610.000
31.000	4827.800	30980.000
32.000	4827.810	37420.000
33.000	4827.820	43920.000
34.000	4827.830	49560.000
35.000	4827.840	68620.000
36.000	4827.850	78430.000
37.000	4827.860	90230.000
38.000	4827.870	115750.000
39.000	4827.880	125710.000
40.000	4827.890	140980.000
41.000	4827.900	169070.000
42.000	4827.910	181190.000
43.000	4827.920	225790.000
44.000	4827.930	241690.000
45.000	4827.940	264910.000
46.000	4827.950	303890.000
47.000	4827.960	307320.000
48.000	4827.970	327620.000
49.000	4827.980	336160.000
50.000	4827.990	329170.000
51.000	4828.000	337230.000
52.000	4828.010	308290.000
53.000	4828.020	339900.000
54.000	4828.030	330250.000
55.000	4828.040	325390.000
56.000	4828.050	302680.000
57.000	4828.060	276620.000
58.000	4828.070	266440.000
59.000	4828.080	223010.000
60.000	4828.090	208290.000
61.000	4828.100	182870.000
62.000	4828.110	151180.000
63.000	4828.120	138200.000
64.000	4828.130	112540.000
65.000	4828.140	91930.000
66.000	4828.150	80210.000
67.000	4828.160	57690.000
68.000	4828.170	49360.000
69.000	4828.180	40800.000
70.000	4828.190	28240.000
71.000	4828.200	27340.000
72.000	4828.210	22430.000
73.000	4828.220	18970.000
74.000	4828.230	16460.000
75.000	4828.240	11600.000
76.000	4828.250	11350.000
77.000	4828.260	9760.000
78.000	4828.270	7380.000
79.000	4828.280	7570.000
80.000	4828.290	6570.000
81.000	4828.300	5690.000
82.000	4828.310	5320.000
83.000	4828.320	4660.000
84.000	4828.330	4470.000
85.000	4828.340	3750.000
86.000	4828.350	4000.000
87.000	4828.360	3630.000
88.000	4828.370	3260.000
89.000	4828.380	3140.000
90.000	4828.390	3290.000
91.000	4828.400	2720.000
92.000	4828.410	2960.000
93.000	4828.420	2930.000
94.000	4828.430	2460.000
95.000	4828.440	2300.000
96.000	4828.450	1920.000
97.000	4828.460	2090.000
98.000	4828.470	2200.000
99.000	4828.480	1840.000
100.000	4828.490	1880.000
101.000	4828.500	1820.000
