26.000	6108.850	310.000
27.000	6108.860	430.000
28.000	6108.870	530.000
29.000	6108.880	400.000
30.000	6108.890	390.000
31.000	6108.900	490.000
32.000	6108.910	510.000
33.000	6108.920	640.000
34.000	6108.930	630.000
35.000	6108.940	750.000
36.000	6108.950	670.000
37.000	6108.960	1190.000
38.000	6108.970	1120.000
39.000	6108.980	1440.000
40.000	6108.990	1550.000
41.000	6109.000	2040.000
42.000	6109.010	2400.000
43.000	6109.020	2720.000
44.000	6109.030	2650.000
45.000	6109.040	3680.000
46.000	6109.050	3940.000
47.000	6109.060	4300.000
48.000	6109.070	5070.000
49.000	6109.080	6130.000
50.000	6109.090	8360.000
51.000	6109.100	9890.000
52.000	6109.110	11820.000
53.000	6109.120	13880.000
54.000	6109.130	12870.000
55.000	6109.140	12990.000
56.000	6109.150	11110.000
57.000	6109.160	11260.000
58.000	6109.170	9350.000
59.000	6109.180	8290.000
60.000	6109.190	7150.000
61.000	6109.200	5100.000
62.000	6109.210	4170.000
63.000	6109.220	3680.000
64.000	6109.230	2710.000
65.000	6109.240	2150.000
66.000	6109.250	1780.000
67.000	6109.260	1460.000
68.000	6109.270	1470.000
69.000	6109.280	1160.000
70.000	6109.290	990.000
71.000	6109.300	940.000
72.000	6109.310	620.000
73.000	6109.320	910.000
74.000	6109.330	690.000
75.000	6109.340	330.000
76.000	6109.350	540.000
77.000	6109.360	440.000
78.000	6109.370	480.000
79.000	6109.380	380.000
80.000	6109.390	420.000
81.000	6109.400	290.000
