35.000	4945.340	440.000
36.000	4945.350	440.000
37.000	4945.360	570.000
38.000	4945.370	570.000
39.000	4945.380	620.000
40.000	4945.390	610.000
41.000	4945.400	500.000
42.000	4945.410	650.000
43.000	4945.420	640.000
44.000	4945.430	710.000
45.000	4945.440	710.000
46.000	4945.450	880.000
47.000	4945.460	930.000
48.000	4945.470	1090.000
49.000	4945.480	1230.000
50.000	4945.490	1450.000
51.000	4945.500	1880.000
52.000	4945.510	1920.000
53.000	4945.520	2570.000
54.000	4945.530	3170.000
55.000	4945.540	3740.000
56.000	4945.550	4470.000
57.000	4945.560	5460.000
58.000	4945.570	5460.000
59.000	4945.580	6450.000
60.000	4945.590	6880.000
61.000	4945.600	9470.000
62.000	4945.610	11340.000
63.000	4945.620	12120.000
64.000	4945.630	15290.000
65.000	4945.640	15600.000
66.000	4945.650	17640.000
67.000	4945.660	16490.000
68.000	4945.670	16880.000
69.000	4945.680	15190.000
70.000	4945.690	14200.000
71.000	4945.700	12090.000
72.000	4945.710	9200.000
73.000	4945.720	7970.000
74.000	4945.730	6540.000
75.000	4945.740	4850.000
76.000	4945.750	4300.000
77.000	4945.760	3160.000
78.000	4945.770	2600.000
79.000	4945.780	2250.000
80.000	4945.790	1970.000
81.000	4945.800	1530.000
82.000	4945.810	1280.000
83.000	4945.820	920.000
84.000	4945.830	900.000
85.000	4945.840	800.000
86.000	4945.850	780.000
87.000	4945.860	950.000
88.000	4945.870	620.000
89.000	4945.880	560.000
90.000	4945.890	510.000
91.000	4945.900	610.000
92.000	4945.910	490.000
93.000	4945.920	440.000
94.000	4945.930	430.000
95.000	4945.940	430.000
96.000	4945.950	370.000
97.000	4945.960	440.000
98.000	4945.970	440.000
99.000	4945.980	400.000
100.000	4945.990	440.000
101.000	4946.000	380.000
