$SPEC_ID:
Decay run 006
$SPEC_REM:
DET# 3
DETDESC# JLAB-22 MCB 129
AP# Maestro Version 7.01
$DATE_MEA:
03/14/2019 12:59:36
$MEAS_TIM:
4329 4329
$DATA:
0 2047
       0
       0
       0
       0
       0
       0
       0
       0
       0
       0
       0
       0
       0
       0
       0
       0
       0
       0
       0
       0
       0
       0
       0
       0
       0
       0
       0
       0
       0
       0
       0
       0
       0
       0
       0
       0
       0
       0
       0
       0
       0
       0
       0
       0
       0
       1
       0
       0
       0
       0
       0
       1
       1
       0
       0
       1
       0
       0
       0
       1
       0
       0
       1
       0
       0
       0
       0
       0
       0
       1
       0
       0
       0
       0
       0
       0
       2
       0
       0
       1
       0
       1
       0
       1
       1
       1
       0
       0
       0
       0
       1
       0
       0
       0
       1
       0
       0
       0
       0
       1
       0
       0
       1
       1
       0
       0
       0
       2
       0
       1
       1
       0
       0
       0
       0
       0
       1
       1
       2
       0
       0
       0
       1
       0
       1
       0
       0
       1
       0
       0
       1
       1
       1
       0
       1
       0
       0
       0
       0
       0
       0
       0
       0
       0
       1
       1
       0
       1
       1
       0
       0
       3
       1
       1
       1
       0
       2
       0
       0
       0
       0
       0
       0
       0
       1
       0
       0
       1
       0
       0
       1
       6
       0
       0
       0
       1
       1
       0
       0
       0
       0
       0
       2
       1
       0
       1
       2
       2
       0
       0
       0
       0
       0
       1
       1
       1
       0
       1
       3
       0
       0
       1
       3
       0
       0
       1
       2
       0
       1
       0
       1
       0
       2
       0
       0
       1
       1
       1
       3
       1
       3
       1
       1
       2
       0
       0
       2
       0
       0
       0
       1
       0
       0
       2
       0
       0
       0
       0
       1
       1
       1
       1
       0
       1
       0
       0
       0
       0
       0
       1
       0
       3
       2
       0
       0
       1
       1
       0
       1
       1
       1
       1
       2
       0
       0
       1
       2
       0
       1
       1
       1
       0
       1
       2
       0
       2
       1
       1
       0
       2
       0
       0
       3
       1
       0
       1
       1
       3
       0
       3
       1
       2
       1
       2
       1
       1
       2
       0
       0
       0
       2
       1
       2
       1
       1
       0
       3
       0
       2
       1
       1
       1
       2
       0
       0
       0
       4
       3
       1
       1
       1
       3
       2
       2
       1
       4
       1
       3
       2
       4
       1
       1
       0
       2
       2
       3
       4
       0
       1
       1
       0
       1
       0
       2
       4
       1
       1
       0
       3
       3
       3
       3
       1
       3
       2
       2
       1
       4
       2
       3
       2
       5
       2
       2
       3
       4
       5
       2
       6
       2
       6
       5
       4
       1
       0
       2
       4
       1
       3
       2
       0
       5
       1
       2
       3
       5
       4
       1
       4
       1
       1
       4
       3
       3
       1
       5
       3
       2
       2
       4
       5
       3
       5
       1
       7
       6
       3
       2
       3
       4
       5
       4
       3
       3
       5
       4
       5
       5
       8
      11
       4
       2
       3
       6
       6
       7
       7
       9
      10
       5
       5
       4
       7
       5
      10
       2
       2
       8
      11
      10
      11
      10
       8
      12
      10
       7
      13
       6
      12
       3
       8
      12
       9
      12
       7
      12
       4
       9
       4
      13
      12
      15
      16
      12
       8
      10
      10
      12
      10
      12
       8
      19
      14
      11
       6
      10
      10
       9
       7
      16
      16
      24
       9
      15
      12
      12
      19
      29
      13
      19
      24
      17
      18
      18
      20
      18
      15
      24
      29
      22
      24
      22
      15
      23
      28
      28
      27
      22
      29
      27
      38
      29
      18
      29
      28
      19
      30
      16
      29
      29
      37
      37
      24
      31
      35
      32
      36
      41
      39
      45
      43
      41
      46
      42
      50
      37
      38
      36
      53
      52
      49
      44
      46
      49
      48
      52
      65
      56
      53
      55
      52
      45
      52
      56
      67
      67
      74
      64
      60
      59
      57
      71
      62
      52
      54
      65
      65
      59
      56
      54
      47
      58
      64
      68
      50
      69
      68
      68
      67
      60
      69
      79
      61
      71
      90
      71
      72
      64
      62
      72
      83
      68
      82
      83
      65
      74
      68
      95
      51
      64
      73
      75
      76
      70
      63
      86
      93
      84
      79
      69
      76
      67
      79
      69
      77
      76
      73
      68
      61
      64
      86
      80
      81
      76
      81
      75
      73
      69
      69
      61
      67
      80
      73
      70
      76
      73
      77
      74
      71
      74
      74
      72
      70
      64
      79
      63
      55
      81
      65
      81
      72
      67
      61
      51
      68
      73
      63
      61
      73
      58
      67
      69
      52
      63
      61
      65
      65
      63
      69
      52
      77
      53
      57
      63
      57
      65
      65
      59
      47
      58
      63
      70
      54
      62
      74
      56
      53
      52
      38
      52
      50
      56
      53
      58
      53
      42
      51
      40
      46
      54
      64
      49
      52
      59
      34
      35
      50
      53
      48
      49
      32
      47
      39
      52
      54
      42
      39
      32
      47
      41
      48
      36
      39
      42
      39
      42
      39
      38
      33
      32
      37
      35
      26
      38
      31
      30
      39
      32
      24
      27
      27
      26
      31
      35
      36
      31
      40
      31
      36
      29
      25
      25
      27
      24
      25
      28
      22
      24
      28
      22
      23
      23
      14
      24
      34
      28
      24
      19
      26
      21
      27
      17
      19
      21
      26
      20
      23
      23
      19
      25
      18
      24
      24
      30
      19
      28
      13
      16
      21
      19
       8
      21
      23
      14
      15
      17
      17
      13
      25
      19
      16
      15
      23
      20
      19
      14
       6
      23
      17
      15
      17
      19
      18
      17
      21
      16
      12
      15
      18
      15
      18
       9
       9
      19
      17
      19
      16
      10
      16
       9
      11
      15
      13
      16
      10
      12
      15
      17
      13
       6
      12
      14
      11
       4
       9
      15
       8
      12
       7
      12
      10
       6
       9
       9
       7
       5
       8
      12
      15
       7
      12
      10
      12
       5
       5
      10
      12
       6
       7
      12
       5
       5
      10
       5
      11
       4
       3
       6
       9
       6
       6
       8
       5
       3
       8
       4
       8
       7
      10
       7
       6
       8
       7
       8
       9
       8
       7
       8
       5
       6
       6
      10
       6
       9
      10
      10
       6
       6
       7
       5
       6
       3
       5
       2
       8
       8
       7
       7
      10
       3
       6
       8
       8
       9
       7
       3
       8
       3
       3
       4
       2
       1
       7
       6
       1
       5
       5
       3
       5
       5
       3
       5
       2
      10
       3
       3
       2
       3
       1
       3
       4
       3
       1
       3
      10
       5
       5
       5
       6
       4
       4
       4
       7
       2
       9
       3
       2
       2
       3
       2
       6
       4
       3
       2
       6
       8
       6
       1
       1
       1
       3
       2
       4
       3
       3
       1
       2
       3
       2
       3
       3
       3
       2
       2
       4
       4
       5
       1
       1
       3
       3
       2
       2
       2
       4
       7
       4
       3
       3
       2
       3
       2
       3
       5
       2
       0
       4
       1
       3
       4
       3
       1
       1
       2
       1
       1
       1
       2
       3
       5
       4
       1
       1
       4
       4
       2
       0
       3
       1
       0
       2
       4
       1
       0
       5
       4
       2
       2
       1
       2
       2
       5
       3
       4
       3
       2
       3
       2
       3
       1
       2
       0
       1
       4
       3
       1
       1
       2
       1
       2
       3
       4
       1
       4
       4
       2
       1
       0
       0
       0
       1
       2
       3
       5
       1
       2
       0
       1
       0
       1
       1
       1
       1
       0
       0
       1
       5
       5
       3
       0
       3
       3
       0
       4
       0
       1
       0
       3
       2
       0
       2
       1
       4
       2
       2
       0
       3
       0
       1
       0
       1
       0
       0
       0
       1
       3
       0
       0
       1
       1
       0
       1
       2
       2
       2
       0
       0
       1
       0
       1
       1
       2
       0
       1
       1
       0
       2
       1
       0
       1
       0
       1
       3
       2
       0
       0
       0
       0
       1
       2
       2
       1
       2
       0
       3
       1
       0
       3
       0
       1
       0
       4
       0
       0
       0
       1
       0
       0
       1
       2
       1
       1
       1
       0
       2
       0
       3
       1
       2
       1
       1
       2
       0
       1
       2
       0
       2
       1
       1
       3
       2
       0
       3
       2
       3
       0
       0
       1
       1
       1
       2
       0
       0
       0
       0
       0
       0
       1
       0
       1
       2
       0
       1
       0
       2
       1
       4
       2
       0
       3
       2
       1
       0
       1
       0
       0
       0
       0
       1
       2
       1
       2
       0
       1
       1
       1
       1
       0
       0
       2
       1
       0
       2
       0
       0
       1
       1
       2
       0
       0
       0
       2
       1
       0
       0
       0
       2
       1
       1
       2
       1
       2
       0
       2
       0
       1
       1
       0
       1
       0
       0
       1
       0
       1
       0
       0
       1
       0
       2
       0
       0
       1
       0
       1
       0
       1
       0
       1
       0
       0
       0
       1
       0
       0
       2
       2
       1
       1
       1
       2
       2
       0
       1
       2
       1
       1
       0
       0
       0
       0
       0
       0
       2
       2
       2
       2
       2
       0
       0
       1
       0
       0
       0
       2
       2
       2
       1
       2
       1
       0
       0
       0
       0
       1
       0
       0
       1
       0
       0
       0
       0
       0
       0
       0
       1
       0
       3
       0
       0
       2
       1
       1
       1
       1
       1
       0
       1
       0
       0
       0
       0
       1
       0
       1
       1
       0
       0
       0
       1
       0
       0
       0
       1
       2
       1
       0
       3
       0
       1
       0
       2
       0
       1
       2
       0
       1
       0
       2
       0
       0
       0
       1
       0
       0
       1
       1
       0
       1
       1
       3
       2
       0
       0
       0
       0
       1
       0
       0
       0
       0
       0
       0
       0
       0
       1
       0
       1
       1
       2
       1
       0
       0
       0
       0
       1
       0
       1
       0
       0
       1
       0
       0
       0
       0
       0
       0
       1
       0
       1
       1
       0
       3
       1
       0
       0
       2
       0
       0
       1
       0
       1
       0
       1
       0
       0
       1
       1
       0
       2
       0
       0
       0
       0
       0
       0
       0
       0
       1
       0
       2
       2
       1
       0
       0
       0
       0
       0
       1
       0
       0
       0
       0
       0
       0
       0
       0
       0
       2
       0
       0
       0
       1
       1
       2
       2
       0
       0
       1
       1
       2
       1
       0
       0
       0
       0
       1
       1
       0
       0
       0
       0
       0
       0
       0
       0
       0
       0
       0
       0
       0
       0
       1
       0
       1
       1
       0
       2
       0
       0
       1
       0
       1
       0
       1
       0
       1
       1
       1
       0
       2
       0
       2
       0
       1
       0
       0
       1
       0
       0
       0
       0
       0
       0
       1
       0
       0
       0
       1
       0
       1
       1
       1
       0
       0
       0
       1
       0
       1
       0
       1
       0
       0
       0
       0
       3
       0
       0
       1
       1
       1
       0
       0
       0
       0
       0
       0
       0
       0
       0
       1
       0
       0
       0
       0
       1
       0
       0
       0
       0
       0
       0
       1
       1
       2
       3
       0
       1
       0
       1
       1
       0
       0
       1
       0
       0
       0
       1
       0
       2
       0
       0
       0
       0
       1
       1
       0
       0
       1
       1
       1
       0
       1
       0
       0
       0
       0
       1
       0
       0
       0
       1
       0
       0
       0
       1
       0
       1
       0
       1
       0
       0
       0
       1
       0
       1
       0
       1
       0
       0
       0
       0
       1
       0
       0
       0
       0
       0
       0
       0
       0
       0
       0
       0
       1
       0
       0
       1
       0
       0
       0
       1
       2
       0
       0
       1
       0
       0
       1
       0
       2
       0
       1
       0
       1
       0
       0
       0
       2
       0
       0
       0
       0
       1
       0
       1
       0
       0
       0
       0
       2
       3
       1
       1
       0
       0
       2
       0
       0
       0
       0
       2
       0
       0
       0
       0
       1
       0
       0
       0
       0
       0
       1
       1
       0
       0
       0
       1
       1
       0
       1
       1
       0
       1
       0
       0
       0
       0
       0
       0
       0
       1
       0
       0
       1
       1
       0
       0
       0
       0
       2
       0
       0
       0
       2
       0
       1
       1
       0
       0
       0
       0
       0
       1
       1
       0
       0
       0
       0
       0
       0
       0
       1
       0
       0
       0
       0
       0
       0
       1
       0
       0
       0
       1
       0
       0
       1
       0
       0
       0
       0
       0
       0
       0
       0
       0
       1
       0
       2
       1
       0
       0
       0
       0
       1
       0
       0
       0
       0
       0
       0
       0
       1
       1
       0
       1
       0
       2
       0
       2
       1
       0
       0
       0
       1
       1
       0
       0
       0
       1
       2
       0
       0
       0
       0
       0
       0
       0
       1
       0
       0
       0
       1
       0
       0
       1
       1
       0
       3
       0
       1
       0
       0
       0
       0
       0
       2
       0
       1
       1
       0
       0
       1
       0
       0
       0
       0
       0
       0
       1
       2
       0
       0
       0
       0
       1
       0
       0
       0
       0
       0
       0
       0
       0
       0
       0
       0
       0
       0
       0
       1
       0
       0
       0
       0
       0
       0
       0
       0
       1
       0
       1
       0
       0
       1
       2
       0
       0
       0
       0
       0
       0
       0
       0
       0
       1
       0
       1
       1
       2
       1
       0
       1
       0
       0
       1
       2
       0
       0
       0
       0
       0
       0
       2
       0
       0
       1
       0
       4
       0
       0
       1
       0
       0
       0
       2
       0
       0
       0
       0
       0
       0
       2
       0
       0
       0
       0
       0
       0
       1
       1
       0
       0
       2
       0
       1
       0
       1
       0
       0
       1
       0
       0
       0
       0
       0
       0
       1
       0
       2
       1
       1
       1
       0
       0
       1
       1
       0
       0
       1
       1
       0
       0
       0
       1
       1
       0
       0
       0
       0
       0
       0
       0
       0
       0
       0
       0
       0
       0
       0
       0
       0
       0
       0
       0
       0
       0
       0
       0
       0
       0
       0
       0
       0
       0
       0
       0
       0
       0
$ROI:
0
$PRESETS:
None
0
0
$ENER_FIT:
2.182741 0.050761
$MCA_CAL:
3
2.182741E+000 5.076142E-002 0.000000E+000 ns
$SHAPE_CAL:
3
0.000000E+000 0.000000E+000 0.000000E+000
