$SPEC_ID:
Decay run 006
$SPEC_REM:
DET# 3
DETDESC# JLAB-22 MCB 129
AP# Maestro Version 7.01
$DATE_MEA:
03/14/2019 14:12:57
$MEAS_TIM:
3607 3607
$DATA:
0 2047
       0
       0
       1
       0
       0
       0
       0
       0
       0
       0
       0
       0
       0
       0
       0
       0
       0
       0
       0
       0
       0
       0
       0
       0
       0
       0
       0
       0
       0
       0
       0
       0
       0
       0
       0
       0
       0
       0
       0
       0
       0
       0
       0
       0
       0
       0
       0
       0
       0
       0
       1
       0
       0
       0
       1
       1
       0
       0
       0
       0
       0
       0
       0
       0
       0
       0
       0
       0
       0
       0
       0
       0
       0
       0
       0
       0
       0
       0
       0
       0
       0
       0
       0
       0
       1
       0
       0
       0
       0
       0
       0
       0
       0
       0
       0
       0
       0
       0
       0
       0
       0
       0
       0
       0
       0
       0
       0
       0
       0
       0
       0
       0
       0
       0
       0
       0
       0
       0
       0
       0
       0
       0
       0
       0
       0
       0
       0
       0
       0
       0
       0
       0
       0
       1
       0
       0
       0
       0
       0
       0
       0
       0
       0
       0
       0
       0
       0
       0
       0
       1
       0
       0
       0
       0
       0
       0
       0
       0
       0
       0
       0
       0
       0
       0
       0
       0
       1
       0
       0
       0
       0
       0
       0
       0
       0
       0
       0
       0
       0
       0
       0
       1
       0
       0
       0
       0
       0
       0
       0
       0
       0
       0
       0
       0
       0
       0
       0
       0
       0
       0
       0
       0
       1
       0
       0
       0
       0
       1
       0
       0
       0
       0
       1
       0
       0
       0
       0
       0
       0
       0
       0
       0
       0
       0
       0
       1
       0
       0
       0
       0
       0
       0
       0
       0
       0
       1
       0
       0
       0
       1
       0
       0
       0
       0
       0
       0
       0
       0
       0
       0
       0
       1
       0
       0
       0
       0
       0
       1
       0
       0
       0
       0
       0
       0
       0
       1
       1
       1
       0
       0
       0
       1
       0
       0
       0
       0
       0
       0
       1
       0
       0
       0
       1
       0
       0
       0
       0
       0
       0
       1
       0
       0
       0
       0
       1
       0
       0
       0
       0
       0
       0
       2
       0
       0
       0
       0
       0
       0
       0
       0
       0
       0
       0
       0
       0
       0
       0
       0
       0
       0
       0
       0
       1
       1
       0
       0
       0
       2
       0
       0
       0
       0
       1
       0
       0
       1
       0
       0
       0
       0
       0
       3
       0
       2
       0
       0
       1
       0
       0
       1
       0
       0
       1
       0
       0
       0
       0
       0
       0
       1
       2
       0
       0
       1
       1
       0
       1
       0
       2
       1
       0
       1
       1
       0
       0
       1
       0
       1
       2
       0
       0
       1
       1
       0
       1
       1
       2
       2
       2
       2
       0
       2
       1
       0
       0
       2
       1
       0
       2
       3
       0
       1
       4
       2
       3
       0
       1
       0
       2
       0
       1
       0
       1
       0
       1
       1
       2
       3
       1
       0
       3
       1
       1
       1
       1
       1
       1
       0
       1
       2
       0
       1
       5
       1
       1
       2
       5
       0
       2
       0
       2
       2
       1
       4
       0
       2
       4
       1
       1
       1
       2
       3
       2
       2
       4
       3
       0
       4
       6
       2
       0
       3
       1
       3
       4
       3
       5
       3
       3
       1
       2
       4
       0
       7
       2
       5
       0
       3
       2
       3
       3
       7
       2
       3
       2
       7
       2
       4
       4
       9
       1
       6
       8
       4
       4
       6
       3
       9
       6
       7
      13
       9
       7
       7
       5
       8
       7
       5
       8
       9
      10
       5
       7
      12
       6
      13
       9
       8
       7
      11
      11
       5
      16
       9
      14
      16
      11
      11
       6
       7
      16
      15
      13
      16
      14
      15
      11
      13
      14
      17
      16
      16
      15
      11
      12
      13
      15
      21
      24
      19
      26
      18
      15
      15
      19
      21
      20
      26
      30
      21
      24
      19
      16
      22
      18
      20
      24
      27
      25
      25
      27
      21
      16
      24
      32
      21
      32
      29
      33
      29
      39
      27
      26
      30
      19
      29
      46
      44
      35
      30
      25
      28
      37
      33
      34
      20
      36
      45
      33
      43
      35
      29
      33
      40
      36
      35
      35
      30
      27
      37
      35
      37
      33
      27
      30
      37
      43
      41
      39
      30
      36
      32
      44
      33
      30
      45
      35
      39
      37
      33
      42
      30
      33
      46
      33
      26
      42
      30
      35
      40
      27
      30
      26
      30
      31
      41
      44
      39
      35
      43
      47
      31
      43
      29
      47
      37
      34
      36
      40
      38
      33
      33
      34
      36
      28
      26
      32
      42
      28
      37
      42
      22
      30
      31
      40
      38
      35
      22
      29
      27
      32
      29
      32
      25
      39
      32
      21
      29
      26
      26
      33
      25
      25
      28
      17
      27
      28
      21
      31
      25
      23
      30
      28
      28
      33
      21
      26
      24
      34
      27
      17
      22
      19
      18
      18
      20
      22
      17
      13
      19
      22
      21
      16
      20
      20
      20
      25
      26
      11
      26
      18
      21
      12
      16
      15
      18
      14
      12
      11
      13
      17
      10
      15
       8
      13
      21
      16
      10
      11
      21
      18
      16
      20
      19
      14
      11
      19
      12
      19
      16
      12
      10
       6
      17
      13
      15
      11
      11
      11
      12
      17
      12
       8
       7
      11
      11
      16
      12
      12
       3
      11
       6
       8
       3
       9
       9
      11
       8
       3
      12
      11
      15
       8
       8
       7
      10
       8
       5
       6
       7
       7
       5
       2
       3
       9
      12
      14
       5
       8
       8
      13
       5
       3
       5
      11
       6
       8
       5
       8
       4
       1
       9
      10
       5
       5
       7
       5
       5
       5
       3
       3
       6
       4
       5
       8
       5
       3
       3
       3
       1
       7
       5
       2
       5
       5
       2
       3
       8
       2
       4
       1
       5
       3
       2
       2
       3
       1
       3
       5
       1
       3
       4
       3
       4
       9
       4
       3
       3
       2
       4
       3
       4
       3
       4
       3
       2
       5
       0
       1
       3
       3
       1
       2
       2
       2
       2
       4
       2
       3
       0
       3
       1
       0
       1
       3
       7
       1
       3
       2
       2
       1
       3
       4
       4
       2
       0
       1
       1
       3
       4
       2
       0
       0
       2
       1
       2
       0
       5
       2
       1
       0
       1
       2
       1
       0
       6
       4
       0
       2
       0
       0
       3
       1
       5
       0
       1
       0
       2
       2
       0
       1
       0
       1
       0
       2
       3
       2
       0
       3
       1
       1
       1
       1
       1
       1
       0
       1
       1
       0
       0
       0
       2
       1
       0
       1
       3
       0
       1
       4
       2
       0
       0
       0
       1
       1
       1
       0
       0
       1
       0
       0
       2
       2
       0
       0
       0
       1
       0
       0
       0
       1
       0
       1
       1
       1
       0
       1
       1
       1
       0
       1
       1
       2
       0
       0
       0
       1
       0
       1
       0
       1
       1
       1
       0
       1
       1
       0
       0
       0
       1
       1
       1
       0
       0
       1
       0
       0
       0
       0
       1
       1
       0
       0
       0
       1
       1
       0
       0
       1
       0
       0
       0
       0
       1
       0
       0
       0
       0
       0
       0
       1
       0
       0
       0
       0
       0
       0
       0
       0
       0
       0
       0
       0
       0
       0
       0
       0
       0
       0
       1
       0
       0
       0
       0
       0
       0
       0
       0
       0
       0
       0
       0
       0
       0
       1
       0
       0
       0
       0
       0
       0
       1
       0
       2
       0
       0
       0
       0
       0
       0
       0
       0
       1
       0
       1
       0
       0
       0
       0
       0
       0
       0
       0
       0
       0
       0
       0
       0
       0
       0
       0
       0
       1
       0
       0
       0
       0
       0
       1
       1
       0
       0
       0
       0
       1
       1
       0
       0
       0
       0
       0
       0
       0
       0
       0
       1
       0
       1
       0
       0
       0
       0
       0
       0
       0
       0
       0
       0
       0
       1
       0
       0
       0
       2
       0
       0
       0
       0
       0
       0
       0
       0
       0
       0
       0
       1
       0
       0
       1
       0
       0
       0
       1
       0
       0
       0
       0
       1
       0
       0
       0
       0
       0
       0
       0
       0
       0
       0
       0
       0
       0
       0
       0
       0
       1
       0
       0
       1
       0
       0
       0
       0
       2
       0
       1
       0
       0
       0
       0
       0
       0
       0
       0
       1
       0
       0
       0
       0
       0
       0
       0
       0
       1
       0
       0
       0
       0
       0
       0
       0
       0
       0
       0
       0
       1
       0
       0
       0
       0
       0
       0
       0
       0
       0
       0
       0
       0
       0
       0
       0
       0
       0
       0
       0
       0
       0
       0
       0
       1
       0
       0
       0
       0
       0
       0
       0
       0
       2
       0
       0
       0
       0
       0
       0
       0
       0
       0
       1
       0
       0
       0
       1
       0
       0
       2
       0
       0
       0
       0
       0
       0
       0
       0
       0
       0
       0
       0
       0
       0
       0
       0
       0
       0
       0
       0
       0
       0
       1
       0
       0
       0
       0
       0
       0
       0
       0
       0
       0
       0
       0
       0
       0
       0
       0
       0
       0
       0
       0
       0
       0
       0
       0
       0
       0
       0
       0
       0
       0
       0
       0
       1
       0
       0
       0
       0
       0
       0
       1
       0
       0
       0
       0
       0
       0
       0
       0
       0
       0
       0
       0
       0
       0
       0
       0
       0
       0
       0
       0
       0
       0
       0
       0
       0
       0
       0
       0
       0
       0
       0
       0
       0
       0
       0
       0
       0
       0
       0
       0
       0
       0
       0
       0
       0
       0
       0
       0
       0
       0
       0
       0
       0
       0
       0
       0
       0
       0
       0
       0
       0
       0
       0
       0
       0
       0
       0
       0
       0
       0
       0
       0
       0
       0
       0
       0
       0
       0
       0
       0
       1
       0
       0
       0
       0
       0
       0
       0
       0
       0
       0
       0
       0
       0
       0
       0
       0
       0
       0
       0
       0
       0
       0
       0
       0
       0
       0
       0
       0
       0
       0
       0
       0
       0
       0
       0
       0
       0
       0
       0
       0
       0
       0
       0
       0
       0
       0
       0
       0
       0
       0
       0
       0
       0
       0
       0
       0
       0
       0
       0
       0
       0
       0
       0
       0
       0
       0
       0
       1
       0
       0
       0
       0
       0
       0
       0
       0
       0
       0
       0
       0
       0
       0
       0
       0
       0
       0
       0
       0
       0
       0
       0
       0
       0
       0
       0
       1
       0
       0
       0
       0
       0
       0
       0
       0
       0
       0
       0
       0
       0
       0
       0
       0
       0
       0
       0
       0
       0
       0
       0
       0
       0
       0
       0
       0
       1
       0
       0
       0
       0
       0
       0
       0
       0
       0
       0
       0
       0
       0
       0
       0
       0
       0
       0
       0
       0
       0
       0
       0
       0
       0
       0
       0
       0
       0
       0
       0
       0
       0
       0
       0
       0
       0
       1
       0
       0
       0
       0
       0
       0
       0
       0
       0
       0
       0
       0
       0
       0
       0
       0
       0
       0
       0
       0
       0
       0
       0
       0
       0
       0
       0
       0
       0
       0
       0
       0
       0
       0
       0
       0
       0
       0
       0
       0
       0
       0
       0
       0
       0
       0
       0
       0
       0
       0
       0
       0
       0
       0
       0
       0
       0
       0
       0
       0
       0
       0
       0
       0
       0
       0
       0
       0
       0
       0
       1
       0
       0
       0
       0
       1
       0
       0
       0
       1
       0
       0
       1
       0
       1
       0
       0
       0
       0
       0
       1
       0
       0
       0
       0
       0
       0
       0
       0
       0
       0
       0
       0
       0
       0
       0
       0
       0
       0
       0
       0
       0
       0
       0
       0
       0
       0
       0
       0
       0
       0
       0
       0
       0
       0
       0
       0
       0
       0
       0
       0
       0
       0
       0
       0
       0
       0
       0
       0
       0
       0
       0
       0
       0
       0
       0
       0
       0
       0
       0
       0
       0
       0
       0
       0
       0
       0
       0
       0
       0
       0
       0
       0
       0
       0
       0
       0
       0
       0
       0
       0
       0
       0
       0
       0
       0
       0
       0
       0
       0
       0
       0
       0
       1
       0
       0
       0
       0
       0
       0
       0
       0
       0
       0
       0
       0
       0
       0
       0
       0
       0
       0
       0
       0
       0
       0
       0
       0
       0
       0
       0
       0
       0
       0
       0
       0
       0
       0
       0
       0
       0
       0
       0
       0
       0
       0
       0
       0
       0
       0
       0
       0
       0
       0
       0
       0
       0
       0
       0
       0
       0
       0
       0
       0
       0
       0
       0
       0
       0
       0
       0
       0
       1
       0
       0
       0
       0
       0
       0
       0
       0
       0
       0
       0
       0
       0
       0
       0
       0
       0
       0
       0
       0
       0
       0
       0
       0
       0
       0
       0
       0
       0
       0
       0
       0
       0
       0
       0
       1
       0
       0
       0
       0
       0
       0
       0
       0
       0
       0
       0
       0
       0
       0
       0
       0
       0
       0
       0
       0
       0
       0
       0
       0
       0
       0
       0
       0
       0
       0
       0
       0
       0
       0
       0
       0
       0
       0
       0
       0
       0
       0
       0
       0
       0
       0
       0
       1
       0
       0
       0
       0
       0
       0
       0
       0
       0
       0
       0
       0
       0
       0
       0
       0
       0
       0
       0
       0
       0
       0
       0
       0
       0
       1
       0
       0
       0
       0
       0
       0
       0
       0
       0
       0
       0
       0
       0
       0
       0
       0
       0
       0
       0
       1
       0
       0
       0
       0
       0
       1
       0
       0
       0
       0
       0
       0
       0
       0
       0
       0
       0
       0
       0
       0
       0
       1
       0
       0
       0
       0
       0
       0
       0
       0
       0
       0
       0
       0
       0
       0
       0
       0
       0
       0
       0
       0
       0
       0
       0
       0
       0
       0
       0
       0
       0
       0
       0
       0
       0
       0
       0
       0
       0
       0
       0
       0
       0
$ROI:
0
$PRESETS:
None
0
0
$ENER_FIT:
2.182741 0.050761
$MCA_CAL:
3
2.182741E+000 5.076142E-002 0.000000E+000 ns
$SHAPE_CAL:
3
0.000000E+000 0.000000E+000 0.000000E+000
