$SPEC_ID:
Decay run 006
$SPEC_REM:
DET# 3
DETDESC# JLAB-22 MCB 129
AP# Maestro Version 7.01
$DATE_MEA:
03/14/2019 12:28:23
$MEAS_TIM:
1804 1804
$DATA:
0 2047
       0
       0
       0
       0
       0
       0
       0
       0
       0
       0
       0
       0
       0
       0
       0
       0
       0
       0
       0
       0
       0
       0
       0
       0
       0
       0
       0
       0
       0
       0
       0
       0
       0
       0
       0
       0
       0
       0
       0
       0
       0
       1
       5
       9
       8
       4
       7
       8
       6
       6
       4
      11
       4
       6
       6
       6
       8
       5
       9
       4
       5
       1
       6
       6
       5
       0
       1
       4
       6
      15
       5
      12
       7
      15
       3
       5
       5
       6
       7
       3
       5
       6
       2
       5
       5
       8
       9
       4
       7
       8
       3
       7
       8
       6
       9
       7
       7
       6
       5
       4
       4
       6
       2
      10
       5
       4
       5
       8
       6
       2
       3
       5
       4
      10
       6
       6
       6
       7
      10
       5
      11
       5
       6
       6
       5
       6
       9
       5
       6
       5
       4
       6
       6
       8
       3
       3
       5
       8
       3
       6
       4
       9
       8
       8
       9
       6
       5
       4
       5
       5
       3
       7
       4
       7
       6
       5
       4
       6
       5
       4
       5
       4
       3
      10
       8
       9
       8
      12
       7
       3
       6
       6
       5
       9
       5
       4
       5
      10
       8
       8
       3
       9
       7
       6
       8
       2
       4
      11
       4
       5
       7
       3
       6
      14
       5
       7
       4
       6
       7
       6
       8
       6
       5
      10
       6
       9
       6
       4
       6
       9
       4
      10
       5
       6
      10
       4
       5
       6
       6
       5
       6
       7
       9
       8
       5
       1
       5
       4
       4
      12
       5
       4
       5
       6
       8
       6
       7
       3
       9
       6
       5
       7
       4
       8
       7
       5
       7
       5
       8
       5
       7
       6
       6
       9
       5
       7
       9
       3
       4
       4
       5
       7
       3
       2
      11
       6
       8
       4
       3
       6
       8
       5
       9
       6
       6
       5
       7
       6
       6
       5
       5
       9
       6
       6
       3
       6
       6
       7
       8
       9
       7
       5
       5
       4
       4
       9
      10
       6
       9
       9
       6
       7
      17
       5
       6
       6
       8
      11
       7
       7
       2
       6
       7
       7
       8
       7
       5
       3
       5
       5
       6
       7
       1
      13
       5
       6
       9
       8
       7
       7
       8
      12
      10
       4
       9
       8
       8
       8
       5
       2
       8
       2
       7
       6
       6
       7
       5
       7
       6
       5
       8
       7
      11
      12
       6
      10
       5
       8
      13
       7
       7
       6
       7
       3
       3
       4
       6
       4
      11
       3
      14
       7
       7
       6
       8
       7
       3
       8
      10
       7
       9
       4
       9
       9
       9
       3
       8
       7
       4
       6
       6
      10
       2
       8
       7
       8
      11
       7
      11
      10
       8
      11
       5
       6
       9
       5
       9
       5
       5
       3
       8
       6
      12
      15
       6
       8
      11
       5
       9
       8
       7
       4
       9
       9
      11
       7
       9
       9
       8
       7
      11
      10
      11
      10
       6
      10
       9
       9
       5
       3
       8
      14
      11
       7
       6
      10
       7
       9
       6
      16
      13
      13
      11
      11
       9
      11
      15
      14
       3
       5
      14
      14
       9
       7
      10
      10
      12
      14
       7
      12
       3
      12
       9
      11
       8
      10
      10
      13
      11
      11
      13
       8
      10
      10
      11
       7
       4
      14
      11
      12
      11
      10
      19
      11
      14
      12
      11
       6
      12
      12
       7
      10
      17
      16
      13
      14
      18
      18
       9
      11
      13
      15
      14
      10
      23
      14
      16
      12
      18
      16
      13
      18
      14
      13
      21
      19
      18
      15
      12
      30
      14
      21
      22
      11
      31
      20
      19
      20
      21
      18
      15
      21
      25
      25
      33
      17
      33
      23
      24
      24
      24
      23
      26
      25
      26
      25
      23
      34
      27
      21
      23
      33
      41
      25
      33
      18
      26
      38
      42
      30
      34
      33
      23
      30
      28
      38
      32
      34
      35
      25
      40
      32
      39
      28
      39
      39
      33
      36
      41
      46
      40
      33
      29
      44
      32
      37
      32
      46
      30
      42
      28
      49
      24
      48
      43
      37
      28
      33
      41
      42
      40
      48
      33
      42
      47
      45
      51
      51
      44
      41
      39
      51
      37
      36
      35
      44
      44
      43
      49
      45
      36
      43
      42
      49
      45
      47
      39
      47
      33
      44
      48
      45
      41
      43
      33
      41
      43
      34
      41
      31
      44
      45
      47
      45
      54
      42
      49
      44
      47
      42
      32
      38
      50
      42
      38
      40
      43
      38
      37
      44
      37
      34
      39
      39
      40
      43
      45
      41
      38
      30
      34
      48
      42
      37
      35
      36
      47
      38
      30
      36
      30
      32
      34
      36
      36
      41
      35
      38
      38
      37
      32
      37
      28
      34
      36
      39
      31
      37
      26
      43
      38
      35
      36
      35
      25
      24
      20
      35
      28
      40
      39
      20
      29
      33
      29
      36
      30
      20
      27
      38
      27
      33
      20
      28
      28
      31
      23
      24
      30
      23
      24
      21
      32
      25
      25
      19
      30
      23
      29
      34
      23
      22
      25
      29
      14
      17
      22
      20
      24
      23
      19
      20
      24
      26
      27
      24
      24
      22
      21
      26
      20
      20
      11
      22
      19
      21
      16
      20
      28
      19
      10
      20
      16
      22
      22
      19
      19
      10
      15
      17
      16
      16
      22
      18
       9
      23
      15
      13
      23
       9
      15
      23
      23
      16
      20
      17
      16
      11
      23
      15
      28
      13
      18
      12
      18
      30
      25
      15
       8
      17
       9
      15
      19
      10
      17
      21
      14
      21
      20
      22
      10
      17
      18
      11
      12
      12
      16
      13
      14
      13
      24
      14
       6
      10
      16
      14
      19
      13
       7
      10
      12
      15
       8
      14
       9
      16
       9
      13
      14
      12
      18
       6
      13
      10
       9
      16
       8
       6
       6
       9
       4
      14
       9
      12
      11
      12
      11
      13
      15
       4
      13
      11
       9
      10
      11
      10
       4
       8
       4
      11
       6
      11
      11
      13
       7
       8
      10
      18
      13
       6
      10
       9
      11
      14
       6
       8
      13
       6
       9
       7
      10
      10
       7
       8
      13
       6
       3
      14
      14
       9
       9
       6
       9
       7
       6
      10
       7
       8
       4
       9
       7
       6
       4
       6
       6
      11
       9
       9
       3
       6
       6
      10
       4
       4
       7
       8
      12
       8
       2
       6
       8
       8
       9
       8
       4
      12
       7
       7
       9
      11
       9
       8
      12
       3
       5
       9
       8
       8
       8
      10
       6
       7
       6
       3
       4
       7
      13
       5
       2
       3
       6
       8
       9
       7
       6
       3
      10
       4
       5
      12
       6
       7
       4
       4
       6
      15
       5
       4
       7
       7
      13
       4
       5
       8
       9
       8
       4
       7
       7
       7
       5
       8
       3
       9
       5
       4
       5
       2
       5
       3
       9
       6
       8
       7
      10
       7
       7
       3
       3
       5
       7
       6
       5
      10
       3
       8
       8
       6
       7
       7
       3
       4
       8
       7
       6
       4
       5
       6
       1
       5
       7
       6
       7
       6
      10
       9
      10
       5
       3
       7
      10
       4
       7
       4
       6
       4
       2
      12
       6
       2
       7
       7
       4
       5
       6
       6
       6
       4
       4
       6
      10
       8
       5
       5
       4
       4
       3
       5
       9
       6
       7
      11
       3
      11
       4
       7
       5
       8
       8
       7
       8
       5
       6
       4
       6
       5
       9
       6
       3
       4
       4
       6
       6
       4
      11
       3
       5
       8
      12
       3
       1
       7
       7
       5
       2
       7
       6
       7
       6
       6
      10
       7
       5
      10
       2
       2
       4
       5
       6
       6
       4
       8
      12
       3
       5
       5
       1
       6
       4
       2
       8
       5
       5
       7
       5
       4
       3
       8
       6
       4
       4
       4
       4
       6
       6
       2
       5
       6
       6
      11
       6
       4
       9
       4
       5
       2
       4
       4
       3
       5
       7
       7
       6
       3
       5
      10
       7
       2
       7
       8
       9
       5
       1
       9
       5
       5
       3
       5
       3
       3
      10
       8
       8
       5
       7
       4
       7
       9
       3
       8
       9
       3
       7
       4
       1
       9
       8
       3
      11
       7
       8
      12
       5
       7
       6
       7
       3
       4
       3
       7
       0
       8
       9
       3
       8
       8
       5
       3
       2
       5
       6
       5
       6
       4
      10
       3
       5
       6
       7
       5
       3
      10
       4
       8
       7
       0
       6
       8
       7
       5
       7
       5
       6
       9
       4
       9
       9
       4
       6
       6
       6
       3
       4
       4
       5
       3
       6
       4
       3
       4
       8
       4
       1
       4
       5
       4
       7
       3
       8
       3
       9
       9
       3
       5
       4
       7
       6
       3
       5
       5
       8
       4
       1
       7
       3
       2
       7
       5
      13
       4
       3
       1
       9
       5
       3
       3
       8
       9
       8
       6
       5
       5
       3
       8
       6
       7
       5
       4
       1
       7
       4
       3
       3
       3
       5
       3
      11
       3
      10
       5
       5
      10
       4
       6
      10
       6
       6
       4
       4
       4
       3
       4
       2
       5
       7
       3
       4
       5
       3
       3
       7
       4
       1
       4
       7
       3
       6
       3
       8
       8
       7
       4
       4
       7
       7
       4
       3
       4
       5
       6
       5
      13
       8
       6
       7
       6
       7
       3
       4
      11
       3
       5
      10
       4
       6
       7
       5
       4
       9
       6
       5
       5
       7
       3
       3
       7
      10
       6
       5
       7
       7
       6
       4
       3
       3
       2
       2
       0
       6
       5
      10
       1
       4
       7
       5
       8
       4
       2
       8
       5
       5
      12
       8
       6
       7
       6
       4
       5
       3
       5
       3
       2
       6
       7
       6
       2
       7
       4
       5
       9
       4
       8
       9
       7
       8
       6
       3
       4
       3
       4
       2
       6
       4
       9
       4
       6
       8
       7
      10
       9
       5
       5
       8
       7
       9
       3
       6
       6
       6
       0
       2
       4
       3
       6
       4
       3
       6
       6
       6
       5
       8
       4
       6
       4
       7
       0
       3
       5
       5
       7
       6
       8
       1
       7
       4
       8
       6
       4
       4
       5
       1
       3
       5
       7
       4
       7
       6
       2
       2
       5
       5
       5
       3
       8
       3
       8
       5
       5
       5
       5
       6
       6
       8
       6
       3
       6
       6
       9
       2
       9
       4
       5
       5
       3
       3
       8
      10
       5
      11
       6
       5
       4
       4
       6
       4
       4
       8
      10
      13
       7
       9
       5
       3
       6
       5
       6
       4
       4
       2
       8
       5
       6
       7
       6
       5
       2
       5
       9
       9
       3
      10
       7
       6
      11
       5
       5
       5
       9
      11
       2
       5
       5
       5
       8
       7
       9
       4
       8
       5
       9
       5
       4
       4
       6
       6
       3
       7
       4
       3
       5
       9
       3
       7
       8
       2
       4
       3
       5
       1
       4
       5
       1
       2
       4
       6
       6
       5
       6
      13
       5
       6
       9
       5
       2
       2
       8
       3
       8
       8
       2
       3
       5
       6
       5
       5
       3
       6
       9
       3
       7
       8
       7
       2
       6
       5
       8
       8
       1
       4
       3
       5
       2
       3
       2
       5
       4
       5
       9
       3
       3
       6
       6
      12
       5
      10
       6
       3
       6
       4
       8
       5
       8
       4
       4
       3
       5
       8
       4
       4
       7
      10
       6
       2
       7
       4
       6
       6
       3
       5
       9
      12
       4
       3
      10
       6
       7
       7
       5
       7
       9
       5
       4
       5
       6
       6
       9
      11
       7
       6
       8
       5
      10
      11
       8
       8
       6
       3
       4
       8
       4
       4
       4
       3
       8
       4
       3
       2
       5
       6
       4
       8
       4
       7
       7
       6
       3
       6
       7
       7
       6
       7
       7
       3
       2
       4
       3
       5
       5
       8
       3
       5
       6
       9
       7
       3
       6
       6
       6
       5
       8
       3
       3
       9
       4
       7
       4
       7
       7
       2
       2
       3
       4
       3
       4
       8
       4
       6
       4
      11
       4
       2
       4
       8
       9
       3
       6
      10
       9
       2
       8
       4
       4
       4
       8
       5
       8
       7
       6
       7
       6
       7
       6
       3
       1
       6
       5
       7
       6
       4
       6
      11
       6
       3
       9
       7
       6
       3
       4
       3
       5
       5
       9
       5
       2
       4
       6
       8
       4
       5
       9
       9
       4
       6
       5
       7
       8
       4
       6
       6
       5
       6
      10
       5
       3
       8
       6
       5
       8
       2
       5
       6
       8
       8
      12
       6
       7
       4
       8
       3
       5
       8
       7
       7
       8
       6
       7
       5
       8
       5
       4
       8
       4
       2
       6
       9
       8
       4
       7
       7
       4
       9
      10
       7
       7
       9
       4
       4
       5
       4
       3
       3
      11
       6
       8
       4
       6
       4
       4
       3
       7
       6
       4
       5
       7
       5
       4
       1
       5
       3
       2
       8
       1
       6
       5
       5
       5
       3
       4
       5
       5
       5
       7
       1
       9
       7
       4
       7
       7
       6
       8
       7
       5
      10
       5
       4
       9
       4
       5
       2
       3
       8
       7
       7
       5
       5
       5
       8
       5
       5
       5
      11
       6
       3
       4
       7
       8
       9
       6
       7
       5
       1
       2
       6
       6
       9
       6
       4
       3
       5
       3
       6
       4
       8
       6
       3
       7
       6
       3
       4
       3
       5
      10
       5
       9
       9
       5
       9
       4
      10
       9
       6
       9
      10
       4
       4
       4
       8
       5
       7
      10
       8
       5
       5
       4
      10
       5
       0
       0
       0
       0
       0
       0
       0
       0
       0
       0
       0
       0
       0
       0
       0
       0
       0
       0
       0
       0
       0
       0
       0
       0
       0
       0
       0
       0
       0
       0
       0
       0
$ROI:
0
$PRESETS:
None
0
0
$ENER_FIT:
2.182741 0.050761
$MCA_CAL:
3
2.182741E+000 5.076142E-002 0.000000E+000 ns
$SHAPE_CAL:
3
0.000000E+000 0.000000E+000 0.000000E+000
