$SPEC_ID:
Decay run 006
$SPEC_REM:
DET# 3
DETDESC# JLAB-22 MCB 129
AP# Maestro Version 7.01
$DATE_MEA:
03/14/2019 15:50:55
$MEAS_TIM:
1800 1800
$DATA:
0 2047
       0
       0
       0
       0
       0
       0
       0
       0
       0
       0
       0
       0
       0
       0
       0
       0
       0
       0
       0
       0
       0
       0
       0
       0
       0
       0
       0
       0
       0
       0
       0
       0
       0
       0
       0
       0
       0
       0
       0
       0
       0
       0
       0
       0
       0
       0
       0
       1
       0
       0
       0
       0
       0
       0
       0
       0
       0
       0
       0
       0
       0
       0
       0
       0
       0
       0
       0
       0
       0
       0
       0
       0
       0
       0
       0
       0
       0
       0
       0
       0
       0
       0
       0
       0
       0
       0
       0
       0
       0
       0
       0
       0
       0
       0
       0
       0
       0
       0
       0
       0
       0
       0
       0
       1
       0
       0
       0
       0
       0
       0
       0
       0
       0
       0
       0
       0
       0
       0
       1
       0
       0
       0
       0
       0
       0
       1
       0
       0
       0
       0
       0
       0
       0
       0
       0
       0
       0
       0
       0
       0
       0
       0
       0
       0
       0
       0
       0
       1
       0
       0
       0
       0
       0
       0
       1
       0
       0
       0
       0
       0
       0
       1
       1
       0
       0
       0
       0
       0
       0
       0
       0
       0
       0
       0
       0
       0
       0
       0
       0
       0
       0
       0
       0
       0
       0
       1
       0
       0
       0
       0
       0
       0
       0
       1
       0
       0
       0
       0
       0
       0
       0
       0
       0
       0
       0
       0
       0
       0
       0
       0
       0
       0
       0
       0
       0
       0
       0
       0
       0
       0
       0
       0
       0
       0
       0
       0
       0
       0
       0
       0
       0
       0
       0
       1
       0
       0
       0
       0
       0
       0
       0
       0
       0
       0
       0
       0
       0
       0
       0
       0
       1
       0
       0
       0
       0
       0
       0
       0
       0
       0
       2
       1
       0
       0
       0
       0
       0
       0
       0
       0
       0
       0
       0
       0
       1
       0
       1
       0
       0
       0
       0
       1
       0
       0
       1
       0
       2
       1
       0
       0
       0
       0
       0
       0
       1
       0
       0
       0
       1
       1
       3
       0
       0
       0
       0
       0
       1
       1
       0
       0
       0
       0
       0
       1
       1
       0
       0
       1
       0
       1
       1
       1
       0
       0
       0
       1
       1
       0
       0
       1
       1
       1
       0
       1
       1
       1
       0
       1
       0
       0
       0
       1
       0
       0
       0
       1
       0
       1
       0
       0
       0
       0
       0
       1
       1
       1
       0
       3
       2
       1
       2
       0
       1
       1
       0
       0
       1
       2
       0
       0
       2
       0
       0
       1
       2
       0
       1
       1
       1
       3
       2
       2
       0
       0
       0
       5
       1
       1
       0
       1
       0
       3
       1
       0
       1
       1
       2
       1
       2
       0
       1
       1
       4
       2
       0
       3
       1
       4
       2
       1
       2
       2
       2
       2
       4
       2
       0
       3
       3
       1
       0
       3
       2
       5
       0
       2
       2
       3
       1
       1
       5
       3
       8
       3
       5
       2
       4
       4
       3
       1
       1
       5
       5
       0
       5
       4
       2
       2
       3
       3
       4
       1
       3
       2
       2
       3
       4
       2
       3
       7
       5
       3
       1
       6
       5
       5
       3
       5
       3
       7
       6
       4
       5
       5
       9
       4
       8
       6
       5
       2
       5
       8
       6
      10
       4
       7
       6
       3
       5
       6
       5
       7
      11
       1
       8
       7
       9
       7
       7
      11
       4
      10
       8
       7
       8
      11
      13
      10
      11
      14
      15
      15
      20
       9
      12
      15
      14
      12
      16
      21
      20
      15
      20
      16
      17
      16
      12
      24
      24
      27
      25
      26
      27
      19
      32
      26
      29
      32
      27
      31
      26
      31
      36
      32
      29
      46
      33
      50
      39
      49
      44
      58
      54
      60
      44
      52
      49
      47
      54
      56
      61
      62
      52
      48
      63
      75
      63
      82
      69
      62
      79
      68
      85
      80
      72
      71
      90
      83
      82
      74
      85
      79
      63
     101
      90
      97
      95
     100
      82
      84
      84
      86
      95
      81
      96
      93
      93
      96
      88
      92
      98
      91
      97
      80
      76
     101
     102
      85
      95
      79
      90
      79
      82
      92
     113
      94
      95
      77
      89
      74
      85
      91
      82
     103
      84
      82
     108
      75
      84
     101
      92
      78
      96
      82
      73
      82
      81
      87
      78
      74
      77
      75
      74
      67
      86
      88
      72
      82
      73
      69
      74
      63
      68
      67
      67
      69
      60
      57
      64
      70
      68
      77
      48
      60
      70
      63
      49
      52
      52
      54
      58
      68
      53
      60
      54
      60
      57
      63
      44
      46
      60
      46
      43
      53
      50
      50
      38
      36
      51
      47
      46
      41
      53
      50
      43
      50
      39
      39
      45
      55
      40
      50
      28
      37
      28
      39
      33
      36
      27
      32
      34
      38
      26
      37
      20
      30
      35
      21
      34
      39
      24
      27
      22
      27
      21
      15
      30
      31
      25
      30
      32
      29
      28
      31
      30
      23
      22
      20
      22
      11
      23
      20
      18
      16
      11
      18
      23
      17
      17
      17
      28
      26
      23
      20
      20
      28
      12
      22
      12
       9
      15
      17
      14
      14
      11
      10
      20
      12
      11
      13
      12
      11
      12
      16
      13
      15
      16
      10
      14
      18
      12
      10
      16
      14
      10
       8
      16
      11
      21
      11
      15
      10
      14
      12
       6
       8
       7
       3
      12
      11
      12
       9
       5
       8
      11
       3
      15
      10
       6
       9
       5
       8
      11
       6
       6
       5
       6
       5
       4
      10
       0
       6
       9
       3
       8
       7
       2
       7
      10
       7
       3
       1
       3
       3
       4
       4
       5
       8
       8
       4
       2
       1
      11
       8
       6
       4
       4
       5
       6
       6
       7
       3
       2
       3
       8
       4
       9
       4
       5
       4
       3
       4
       3
       5
       3
       4
       2
       2
       6
       1
       3
       2
       4
       4
       1
       2
       4
       3
       3
       3
       1
       5
       3
       3
       4
       6
       3
       3
       1
       1
       1
       3
       3
       2
       2
       2
       2
       5
       4
       2
       2
       3
       3
       2
       1
       3
       3
       3
       2
       0
       2
       1
       2
       3
       1
       2
       0
       3
       1
       1
       2
       2
       0
       1
       2
       2
       2
       1
       2
       0
       1
       2
       0
       1
       1
       2
       2
       0
       1
       2
       1
       0
       1
       2
       4
       0
       1
       0
       0
       1
       0
       2
       3
       0
       0
       0
       2
       0
       2
       0
       0
       3
       1
       2
       5
       1
       1
       0
       2
       4
       1
       1
       1
       0
       3
       1
       2
       1
       0
       0
       1
       1
       0
       2
       0
       0
       1
       0
       1
       0
       2
       0
       0
       2
       1
       0
       2
       0
       2
       0
       2
       1
       1
       0
       0
       0
       4
       1
       1
       2
       0
       0
       0
       1
       1
       0
       0
       1
       2
       0
       1
       1
       1
       0
       1
       0
       0
       0
       0
       0
       2
       0
       0
       0
       1
       0
       1
       0
       0
       0
       1
       0
       0
       1
       0
       0
       0
       0
       0
       0
       1
       0
       1
       0
       0
       0
       0
       0
       0
       0
       1
       0
       0
       0
       1
       1
       0
       0
       1
       0
       0
       2
       0
       1
       0
       0
       1
       1
       0
       0
       0
       0
       0
       0
       0
       0
       1
       0
       1
       1
       0
       0
       1
       0
       1
       0
       1
       1
       0
       0
       0
       0
       0
       2
       1
       1
       0
       1
       0
       0
       0
       0
       0
       0
       0
       0
       0
       0
       1
       0
       1
       0
       1
       0
       1
       0
       0
       0
       0
       1
       0
       0
       1
       1
       1
       0
       0
       0
       0
       0
       0
       0
       0
       0
       0
       1
       0
       0
       1
       1
       0
       0
       1
       0
       0
       0
       0
       0
       0
       1
       0
       0
       0
       0
       0
       0
       0
       0
       0
       0
       0
       0
       0
       0
       0
       0
       0
       0
       0
       0
       0
       0
       0
       0
       0
       0
       1
       0
       0
       0
       0
       0
       1
       0
       0
       0
       0
       0
       0
       0
       0
       0
       0
       0
       0
       0
       0
       0
       1
       0
       0
       0
       0
       0
       0
       0
       0
       0
       0
       0
       0
       0
       0
       0
       0
       0
       0
       0
       1
       2
       0
       0
       0
       0
       0
       0
       0
       0
       0
       0
       0
       0
       0
       0
       0
       0
       0
       0
       0
       0
       0
       0
       0
       0
       0
       0
       0
       0
       0
       0
       0
       0
       0
       0
       0
       0
       0
       0
       0
       0
       0
       0
       0
       1
       1
       0
       0
       1
       0
       1
       0
       0
       0
       0
       0
       0
       0
       0
       0
       0
       0
       1
       0
       0
       0
       0
       0
       0
       0
       0
       0
       0
       1
       0
       0
       0
       0
       0
       0
       0
       0
       0
       0
       0
       0
       0
       0
       0
       0
       0
       0
       0
       0
       0
       0
       0
       0
       0
       0
       1
       0
       0
       0
       0
       0
       0
       0
       0
       0
       0
       0
       0
       1
       0
       0
       0
       0
       0
       0
       0
       1
       1
       0
       0
       0
       0
       0
       0
       0
       0
       0
       0
       0
       0
       0
       0
       0
       0
       0
       1
       0
       0
       0
       1
       0
       0
       0
       0
       0
       0
       0
       0
       0
       0
       1
       0
       0
       2
       0
       0
       1
       0
       0
       0
       1
       0
       0
       0
       0
       0
       0
       1
       0
       0
       0
       0
       0
       0
       1
       0
       0
       0
       0
       1
       0
       0
       0
       0
       0
       1
       0
       0
       0
       0
       0
       1
       0
       0
       0
       0
       1
       0
       0
       0
       0
       0
       0
       0
       0
       0
       0
       0
       0
       0
       0
       0
       0
       0
       0
       0
       0
       0
       0
       0
       0
       0
       0
       0
       0
       0
       0
       0
       0
       0
       0
       0
       0
       0
       0
       0
       0
       0
       0
       0
       0
       0
       0
       0
       0
       0
       0
       0
       0
       0
       0
       0
       0
       0
       0
       0
       0
       0
       0
       0
       0
       0
       0
       0
       0
       0
       0
       0
       0
       0
       0
       0
       0
       0
       0
       0
       0
       0
       0
       0
       0
       0
       1
       0
       0
       0
       0
       0
       0
       0
       0
       0
       1
       0
       0
       0
       0
       0
       0
       0
       0
       0
       0
       0
       0
       0
       0
       0
       0
       0
       0
       0
       0
       0
       0
       0
       0
       0
       0
       0
       0
       0
       0
       0
       0
       0
       0
       0
       0
       0
       1
       0
       1
       0
       0
       0
       0
       0
       0
       0
       0
       0
       0
       0
       0
       0
       0
       0
       0
       0
       0
       0
       0
       0
       1
       0
       0
       1
       0
       0
       0
       0
       0
       0
       0
       0
       0
       0
       0
       0
       0
       0
       0
       0
       0
       0
       0
       0
       0
       1
       0
       0
       0
       0
       0
       0
       0
       0
       0
       0
       0
       0
       0
       0
       0
       0
       0
       0
       0
       0
       0
       0
       0
       0
       0
       0
       0
       0
       0
       0
       0
       0
       0
       0
       0
       0
       0
       0
       0
       0
       0
       0
       0
       0
       0
       0
       0
       0
       1
       0
       0
       0
       0
       0
       1
       0
       0
       0
       0
       0
       0
       0
       0
       0
       0
       0
       0
       0
       0
       0
       0
       0
       0
       0
       0
       0
       0
       0
       0
       0
       0
       0
       0
       0
       0
       0
       0
       0
       1
       0
       0
       0
       0
       0
       0
       0
       0
       0
       0
       0
       0
       0
       1
       0
       0
       0
       0
       0
       0
       0
       0
       0
       0
       0
       0
       0
       0
       0
       0
       0
       0
       0
       0
       0
       0
       0
       0
       0
       0
       0
       0
       0
       0
       0
       0
       0
       0
       0
       0
       0
       0
       0
       0
       0
       0
       0
       0
       0
       0
       0
       0
       0
       0
       0
       0
       0
       0
       0
       0
       0
       0
       0
       0
       1
       0
       0
       0
       0
       0
       0
       0
       0
       0
       0
       0
       0
       0
       0
       0
       0
       0
       0
       0
       0
       0
       0
       1
       0
       0
       0
       0
       0
       0
       0
       0
       0
       0
       0
       0
       0
       0
       0
       0
       0
       0
       0
       0
       0
       0
       0
       0
       0
       0
       0
       0
       0
       0
       0
       0
       0
       0
       0
       0
       0
       0
       0
       0
       0
       0
       0
       0
       0
       0
       0
       0
       0
       0
       0
       0
       0
       0
       0
       0
       1
       0
       0
       0
       0
       0
       0
       0
       0
       0
       0
       0
       0
       0
       0
       0
       0
       0
       0
       1
       0
       0
       0
       0
       0
       0
       0
       0
       0
       0
       0
       0
       0
       0
       0
       0
       0
       0
       0
       0
       0
       0
       0
       0
       0
       0
       0
       0
       0
       0
       0
       0
       0
       0
       0
       0
       0
       0
       0
       0
       0
       0
       0
       0
       1
       0
       0
       0
       0
       0
       0
       0
       0
       0
       0
       0
       0
       0
       0
       0
       0
       0
       0
       0
       0
       0
       0
       0
       0
       0
       0
       0
       0
       0
       0
       0
       0
       0
       0
       0
       0
       0
       0
       0
       0
       0
       0
       0
       1
       0
       0
       0
       0
       0
       1
       0
       0
       0
       0
       0
       0
       0
       0
       0
       0
       0
       0
       0
       0
       0
       0
       0
       0
       0
       0
       0
       0
       0
       0
       0
       0
       0
       0
       0
       0
       0
       0
       0
       0
       0
       0
       0
       0
       0
       0
       0
       0
       0
       0
       0
       0
       0
       0
       0
       0
       0
       0
       0
       0
       0
       0
       0
       0
       0
       0
       0
       0
       0
       0
       0
       0
       0
       0
       0
       0
       0
       0
       0
       0
       0
       0
$ROI:
0
$PRESETS:
None
0
0
$ENER_FIT:
2.182741 0.050761
$MCA_CAL:
3
2.182741E+000 5.076142E-002 0.000000E+000 ns
$SHAPE_CAL:
3
0.000000E+000 0.000000E+000 0.000000E+000
