$SPEC_ID:
Decay run 006
$SPEC_REM:
DET# 3
DETDESC# JLAB-22 MCB 129
AP# Maestro Version 7.01
$DATE_MEA:
03/14/2019 16:26:23
$MEAS_TIM:
64747 64747
$DATA:
0 2047
       0
       0
       0
       0
       0
       0
       0
       0
       0
       0
       0
       0
       0
       0
       0
       0
       0
       0
       0
       0
       0
       0
       0
       0
       0
       0
       0
       0
       0
       0
       0
       0
       0
       0
       0
       0
       0
       0
       0
       0
       1
       0
       1
       1
       0
       0
       0
       0
       0
       0
       1
       0
       0
       1
       1
       0
       0
       0
       0
       1
       0
       0
       0
       0
       1
       0
       0
       0
       1
       0
       0
       3
       0
       0
       1
       1
       1
       0
       1
       0
       0
       1
       0
       0
       0
       0
       0
       0
       0
       1
       0
       0
       0
       0
       2
       0
       0
       1
       0
       0
       0
       0
       0
       0
       0
       0
       0
       1
       0
       0
       0
       1
       0
       2
       0
       1
       0
       1
       0
       0
       0
       1
       0
       0
       0
       0
       0
       0
       0
       0
       0
       0
       1
       0
       0
       0
       0
       1
       0
       0
       1
       1
       1
       0
       0
       0
       0
       0
       0
       0
       0
       0
       0
       0
       0
       0
       1
       1
       0
       0
       0
       1
       0
       0
       0
       0
       0
       0
       0
       1
       1
       0
       0
       1
       1
       1
       2
       0
       1
       0
       0
       0
       1
       0
       2
       0
       0
       0
       0
       1
       0
       1
       0
       1
       1
       1
       0
       0
       0
       1
       0
       0
       1
       1
       0
       1
       1
       1
       1
       0
       0
       0
       0
       1
       0
       1
       2
       1
       0
       0
       1
       0
       1
       0
       2
       1
       1
       2
       0
       0
       1
       0
       1
       0
       0
       0
       1
       0
       1
       2
       1
       1
       1
       0
       0
       0
       1
       0
       0
       1
       0
       0
       0
       2
       1
       1
       0
       0
       1
       2
       0
       0
       1
       1
       1
       1
       1
       0
       0
       0
       0
       1
       0
       1
       0
       1
       1
       0
       0
       0
       1
       2
       0
       1
       0
       1
       0
       1
       1
       1
       0
       0
       2
       0
       2
       3
       2
       0
       1
       1
       1
       1
       1
       1
       2
       0
       0
       1
       1
       1
       1
       2
       1
       2
       0
       3
       1
       1
       0
       1
       2
       0
       3
       2
       1
       1
       1
       2
       1
       1
       1
       2
       0
       2
       1
       1
       3
       1
       2
       2
       1
       1
       0
       0
       2
       1
       0
       0
       1
       0
       1
       2
       4
       2
       0
       0
       1
       2
       1
       0
       0
       1
       0
       1
       2
       0
       0
       1
       2
       1
       1
       1
       2
       0
       1
       0
       0
       1
       1
       0
       2
       1
       0
       2
       1
       5
       3
       3
       1
       1
       3
       2
       2
       2
       4
       5
       1
       1
       1
       2
       0
       3
       1
       3
       1
       1
       3
       0
       0
       2
       0
       0
       1
       2
       2
       1
       3
       5
       1
       0
       1
       0
       1
       4
       1
       3
       2
       0
       2
       1
       1
       0
       1
       4
       3
       1
       1
       4
       3
       4
       4
       2
       4
       3
       0
       1
       1
       2
       1
       1
       3
       1
       6
       3
       2
       2
       1
       4
       2
       1
       2
       4
       3
       3
       0
       3
       3
       5
       2
       3
       1
       1
       6
       1
       6
       4
       3
       5
       3
       3
       5
       1
       2
       4
       4
       2
       5
       3
       4
       5
       3
       2
       3
       3
       5
       6
       6
       5
       6
       2
       4
       4
       4
       2
       3
       5
       6
       2
       6
       7
       8
       6
       4
       3
       8
       2
       5
       4
       3
       5
       7
       4
       5
       7
       1
       6
       9
       3
       7
       3
      12
       3
       9
       9
       6
       8
       4
       8
       7
       9
       9
      10
       9
       9
       1
       7
       7
      10
       7
       9
      10
      13
       5
      13
       9
      16
       9
      15
       8
      17
       6
      12
      10
      14
      16
      12
      18
       8
      16
      13
      15
      16
      25
      19
      16
      14
      16
      15
      20
      12
      12
      23
      20
      21
      15
      19
      15
      19
      17
      20
      17
      24
      15
      14
      24
      22
      24
      27
      26
      28
      21
      19
      26
      25
      31
      22
      32
      36
      25
      31
      25
      24
      28
      30
      31
      40
      24
      28
      45
      25
      48
      43
      35
      34
      36
      40
      38
      28
      41
      38
      45
      32
      51
      39
      51
      51
      59
      47
      50
      50
      62
      52
      42
      53
      43
      60
      57
      75
      61
      61
      61
      62
      44
      68
      71
      66
      53
      76
      80
      68
      68
      68
      72
      78
      87
      77
      94
      71
      87
      71
     109
      74
      91
      74
      76
      78
      92
      83
     108
      91
      77
      69
     106
     120
      94
     104
      94
     110
      86
      94
      92
     101
     109
      86
     116
     104
      83
     103
     104
      99
      95
     115
     104
      89
      78
     108
     114
     122
      99
     104
     101
     104
      81
     127
     110
     119
     122
     119
     113
     124
      98
     107
     117
      99
     111
     109
     107
      97
     125
     101
     114
     108
     115
     130
     113
     134
      95
     114
     106
     131
     134
     119
     103
     117
     124
     112
     120
     117
     118
     102
     111
     120
     112
     101
     126
     109
     126
     106
     118
      85
     139
     106
      98
     115
     114
     120
     115
      94
      99
     111
      98
     111
     101
     105
     114
     107
      85
     117
      89
      88
     105
     105
      99
      97
     109
     110
      98
      93
     103
      98
      93
      92
      96
      87
      88
     106
     103
      91
      78
      81
      97
      79
      78
      94
      76
      86
      80
      83
      81
      70
      80
      93
      93
      64
      78
      82
      74
      79
      66
      88
      66
      80
      70
      78
      63
      55
      70
      69
      73
      70
      73
      56
      70
      64
      64
      65
      72
      54
      56
      59
      74
      57
      55
      66
      53
      61
      52
      70
      57
      56
      48
      43
      54
      57
      45
      48
      45
      50
      45
      45
      53
      43
      42
      42
      50
      47
      53
      52
      42
      54
      53
      44
      48
      41
      48
      45
      38
      37
      47
      41
      28
      40
      46
      36
      37
      31
      23
      34
      29
      42
      28
      32
      29
      34
      41
      46
      40
      36
      29
      26
      26
      31
      38
      28
      26
      39
      28
      24
      25
      32
      26
      22
      30
      18
      32
      22
      24
      27
      21
      21
      19
      28
      18
      17
      20
      16
      19
      23
      33
      24
      17
      20
      15
      20
      19
      11
      21
      21
      18
      21
      19
      20
      12
      19
      18
      16
      18
      21
      17
      24
      25
      12
      17
       6
      16
      16
      14
      21
      11
      18
      13
      18
      14
      18
      13
      14
      12
      14
      11
      13
      10
      16
      15
      12
      10
      18
      13
      14
      12
      11
      10
      20
      11
       8
      13
      11
      11
       7
      14
       7
      10
      10
       6
       5
      13
      11
      12
      11
      11
       8
      13
       4
       8
       6
       9
       8
       5
       6
       4
       5
       3
       7
      11
       9
      12
      10
       6
       8
      11
      10
       7
       3
      10
       7
       5
       3
      13
      10
       8
       4
       5
       8
       6
       8
       4
       8
       9
       7
       3
       6
       3
       5
       2
       6
       7
       5
       4
       7
       5
       3
       5
       2
       5
       4
       5
       5
       3
       4
       6
       4
       1
       3
       4
       6
       3
       3
       9
       5
       5
       1
       2
       2
       7
       1
       8
       2
       5
       6
       5
       2
       4
       5
       5
       3
       6
       5
       3
       0
       1
       1
       2
       1
       6
       7
       4
       2
       0
       3
       2
       4
       1
       3
       2
       2
       1
       1
       3
       4
       3
       4
       3
       3
       2
       3
       0
       2
       2
       2
       1
       0
       1
       2
       4
       3
       5
       1
       2
       2
       0
       2
       1
       1
       1
       1
       6
       1
       1
       5
       1
       2
       2
       1
       0
       3
       0
       0
       2
       3
       1
       2
       3
       2
       0
       1
       1
       0
       4
       0
       1
       0
       1
       2
       0
       1
       0
       2
       5
       3
       2
       2
       3
       3
       0
       0
       1
       3
       1
       1
       2
       3
       4
       2
       2
       2
       1
       0
       1
       2
       0
       1
       1
       2
       3
       2
       1
       0
       0
       2
       3
       2
       0
       2
       0
       0
       3
       3
       0
       0
       0
       0
       1
       0
       1
       1
       0
       1
       1
       1
       0
       1
       0
       1
       1
       0
       2
       2
       0
       0
       1
       0
       1
       2
       0
       1
       1
       0
       2
       2
       3
       0
       1
       1
       0
       0
       1
       0
       1
       0
       0
       2
       1
       1
       0
       1
       2
       3
       1
       0
       4
       1
       0
       1
       2
       0
       0
       0
       0
       1
       2
       0
       1
       2
       2
       2
       0
       1
       0
       0
       1
       1
       1
       0
       1
       2
       0
       1
       0
       0
       1
       0
       1
       0
       0
       0
       1
       0
       0
       1
       1
       2
       0
       0
       2
       1
       0
       0
       1
       1
       0
       0
       0
       0
       1
       1
       2
       0
       0
       1
       1
       0
       1
       0
       1
       0
       1
       0
       2
       0
       1
       1
       0
       0
       0
       0
       0
       0
       1
       0
       0
       0
       1
       0
       0
       0
       0
       1
       1
       0
       0
       2
       0
       0
       0
       2
       0
       1
       2
       0
       2
       0
       0
       0
       1
       0
       2
       0
       1
       0
       1
       0
       1
       0
       0
       0
       0
       0
       0
       0
       0
       1
       1
       0
       0
       0
       1
       2
       1
       1
       1
       1
       0
       0
       0
       1
       0
       0
       0
       0
       1
       0
       1
       1
       0
       0
       0
       1
       1
       1
       1
       0
       1
       0
       0
       1
       0
       1
       2
       0
       1
       1
       0
       0
       0
       0
       0
       0
       2
       1
       0
       0
       1
       0
       0
       0
       0
       0
       0
       0
       0
       0
       2
       0
       1
       0
       0
       0
       0
       2
       0
       1
       0
       1
       0
       0
       0
       0
       1
       0
       0
       0
       1
       0
       0
       0
       1
       1
       0
       0
       1
       0
       0
       0
       0
       3
       0
       0
       0
       0
       1
       0
       0
       0
       0
       0
       0
       1
       0
       1
       0
       1
       0
       0
       0
       0
       0
       1
       1
       0
       0
       0
       1
       0
       0
       0
       1
       1
       0
       0
       0
       0
       0
       0
       0
       0
       1
       0
       0
       0
       0
       0
       0
       0
       0
       0
       1
       0
       0
       0
       0
       0
       0
       1
       1
       0
       0
       0
       1
       0
       0
       1
       0
       0
       0
       1
       1
       0
       0
       1
       0
       0
       0
       1
       0
       0
       0
       0
       0
       0
       0
       0
       0
       0
       0
       0
       0
       0
       0
       0
       0
       0
       0
       0
       1
       1
       0
       1
       0
       1
       0
       0
       0
       0
       0
       0
       0
       0
       0
       0
       0
       0
       0
       0
       0
       1
       0
       0
       0
       0
       0
       1
       0
       0
       0
       0
       0
       0
       0
       0
       0
       0
       0
       1
       0
       1
       0
       0
       0
       0
       0
       1
       1
       0
       1
       0
       0
       0
       0
       0
       1
       1
       0
       0
       1
       0
       0
       0
       0
       0
       1
       0
       0
       0
       0
       0
       0
       0
       0
       1
       0
       0
       0
       0
       0
       0
       0
       0
       0
       0
       0
       0
       0
       1
       0
       1
       0
       0
       0
       0
       1
       0
       0
       0
       0
       0
       0
       0
       0
       0
       1
       0
       0
       0
       1
       0
       0
       0
       1
       0
       0
       0
       0
       0
       1
       0
       0
       0
       1
       0
       0
       0
       0
       0
       0
       0
       0
       0
       0
       0
       0
       0
       0
       0
       0
       0
       0
       0
       0
       0
       0
       0
       0
       0
       0
       0
       0
       0
       0
       0
       0
       0
       0
       0
       0
       0
       0
       0
       0
       0
       0
       0
       0
       1
       0
       0
       0
       0
       1
       0
       0
       1
       1
       0
       0
       0
       0
       0
       0
       0
       1
       1
       1
       0
       0
       0
       0
       0
       0
       0
       0
       0
       0
       0
       0
       0
       0
       0
       0
       0
       0
       0
       0
       0
       0
       0
       0
       0
       0
       2
       0
       0
       0
       0
       1
       0
       2
       0
       0
       0
       0
       0
       0
       0
       1
       0
       0
       0
       0
       1
       0
       0
       0
       0
       1
       0
       0
       2
       0
       0
       1
       0
       0
       0
       0
       1
       0
       0
       0
       0
       0
       0
       0
       1
       0
       0
       0
       0
       1
       0
       0
       0
       1
       1
       1
       0
       0
       0
       0
       0
       0
       0
       0
       1
       0
       0
       0
       1
       0
       1
       0
       0
       0
       0
       1
       0
       0
       0
       1
       0
       0
       0
       0
       0
       1
       0
       0
       0
       0
       0
       0
       1
       0
       0
       0
       0
       0
       0
       0
       0
       1
       0
       0
       0
       0
       0
       0
       0
       0
       0
       1
       0
       0
       0
       1
       0
       0
       0
       0
       1
       1
       0
       0
       1
       1
       0
       3
       0
       0
       0
       0
       0
       0
       0
       0
       0
       0
       0
       0
       0
       0
       1
       1
       1
       0
       0
       1
       0
       0
       1
       0
       0
       0
       0
       2
       0
       0
       1
       0
       1
       0
       0
       0
       0
       0
       0
       0
       0
       0
       0
       0
       1
       0
       1
       0
       0
       1
       1
       0
       1
       0
       0
       1
       0
       0
       0
       0
       0
       0
       0
       0
       0
       0
       0
       0
       1
       1
       1
       0
       0
       0
       1
       0
       1
       0
       0
       0
       1
       0
       1
       0
       0
       0
       0
       0
       0
       0
       0
       0
       0
       0
       0
       0
       0
       0
       0
       0
       0
       0
       0
       0
       0
       0
       0
       0
       0
       0
       0
       0
       0
       0
       0
       0
       0
       0
       0
       0
       0
       0
       0
       0
       0
       0
       0
       0
       0
       0
       0
       0
       0
$ROI:
0
$PRESETS:
None
0
0
$ENER_FIT:
2.182741 0.050761
$MCA_CAL:
3
2.182741E+000 5.076142E-002 0.000000E+000 ns
$SHAPE_CAL:
3
0.000000E+000 0.000000E+000 0.000000E+000
