1.000	6286.700	1140.000
2.000	6286.710	1380.000
3.000	6286.720	1340.000
4.000	6286.730	1260.000
5.000	6286.740	1500.000
6.000	6286.750	1550.000
7.000	6286.760	1400.000
8.000	6286.770	1140.000
9.000	6286.780	1600.000
10.000	6286.790	1490.000
11.000	6286.800	1670.000
12.000	6286.810	1770.000
13.000	6286.820	1800.000
14.000	6286.830	1950.000
15.000	6286.840	2010.000
16.000	6286.850	2100.000
17.000	6286.860	2480.000
18.000	6286.870	2640.000
19.000	6286.880	2810.000
20.000	6286.890	3300.000
21.000	6286.900	3150.000
22.000	6286.910	3800.000
23.000	6286.920	3650.000
24.000	6286.930	4150.000
25.000	6286.940	4590.000
26.000	6286.950	5390.000
27.000	6286.960	6450.000
28.000	6286.970	6130.000
29.000	6286.980	6650.000
30.000	6286.990	9340.000
31.000	6287.000	10820.000
32.000	6287.010	11720.000
33.000	6287.020	14290.000
34.000	6287.030	17460.000
35.000	6287.040	28120.000
36.000	6287.050	31550.000
37.000	6287.060	38820.000
38.000	6287.070	62020.000
39.000	6287.080	67700.000
40.000	6287.090	90140.000
41.000	6287.100	110490.000
42.000	6287.110	126920.000
43.000	6287.120	174390.000
44.000	6287.130	195880.000
45.000	6287.140	237370.000
46.000	6287.150	377410.000
47.000	6287.160	413040.000
48.000	6287.170	492570.000
49.000	6287.180	571550.000
50.000	6287.190	587710.000
51.000	6287.200	575810.000
52.000	6287.210	554920.000
53.000	6287.220	530180.000
54.000	6287.230	469660.000
55.000	6287.240	425120.000
56.000	6287.250	372600.000
57.000	6287.260	312330.000
58.000	6287.270	273090.000
59.000	6287.280	201520.000
60.000	6287.290	175910.000
61.000	6287.300	147500.000
62.000	6287.310	115550.000
63.000	6287.320	100900.000
64.000	6287.330	81830.000
65.000	6287.340	64380.000
66.000	6287.350	57660.000
67.000	6287.360	38260.000
68.000	6287.370	33480.000
69.000	6287.380	28130.000
70.000	6287.390	18370.000
71.000	6287.400	16660.000
72.000	6287.410	13890.000
73.000	6287.420	11020.000
74.000	6287.430	10040.000
75.000	6287.440	6910.000
76.000	6287.450	7000.000
77.000	6287.460	6380.000
78.000	6287.470	5340.000
79.000	6287.480	5040.000
80.000	6287.490	4650.000
81.000	6287.500	4030.000
82.000	6287.510	3750.000
83.000	6287.520	3500.000
84.000	6287.530	3460.000
85.000	6287.540	3140.000
86.000	6287.550	3080.000
87.000	6287.560	3010.000
88.000	6287.570	2550.000
89.000	6287.580	2250.000
90.000	6287.590	2320.000
91.000	6287.600	1920.000
