1.000	3105.350	820.000
2.000	3105.360	910.000
3.000	3105.370	840.000
4.000	3105.380	1080.000
5.000	3105.390	960.000
6.000	3105.400	1020.000
7.000	3105.410	880.000
8.000	3105.420	1010.000
9.000	3105.430	1260.000
10.000	3105.440	1210.000
11.000	3105.450	1240.000
12.000	3105.460	1680.000
13.000	3105.470	1950.000
14.000	3105.480	2050.000
15.000	3105.490	2220.000
16.000	3105.500	2830.000
17.000	3105.510	3250.000
18.000	3105.520	4010.000
19.000	3105.530	4980.000
20.000	3105.540	6020.000
21.000	3105.550	8100.000
22.000	3105.560	9890.000
23.000	3105.570	11950.000
24.000	3105.580	15370.000
25.000	3105.590	18660.000
26.000	3105.600	25500.000
27.000	3105.610	30210.000
28.000	3105.620	38160.000
29.000	3105.630	52960.000
30.000	3105.640	55690.000
31.000	3105.650	67990.000
32.000	3105.660	75920.000
33.000	3105.670	82660.000
34.000	3105.680	92070.000
35.000	3105.690	102130.000
36.000	3105.700	107020.000
37.000	3105.710	124710.000
38.000	3105.720	137010.000
39.000	3105.730	149300.000
40.000	3105.740	155260.000
41.000	3105.750	157370.000
42.000	3105.760	145070.000
43.000	3105.770	136060.000
44.000	3105.780	120980.000
45.000	3105.790	101290.000
46.000	3105.800	87670.000
47.000	3105.810	73730.000
48.000	3105.820	58830.000
49.000	3105.830	49260.000
50.000	3105.840	33260.000
51.000	3105.850	27160.000
52.000	3105.860	21940.000
53.000	3105.870	16060.000
54.000	3105.880	12540.000
55.000	3105.890	9600.000
56.000	3105.900	7460.000
57.000	3105.910	5780.000
58.000	3105.920	3920.000
59.000	3105.930	3070.000
60.000	3105.940	2630.000
61.000	3105.950	1700.000
62.000	3105.960	1940.000
63.000	3105.970	1580.000
64.000	3105.980	1800.000
65.000	3105.990	1220.000
66.000	3106.000	1110.000
67.000	3106.010	980.000
68.000	3106.020	1150.000
69.000	3106.030	1020.000
70.000	3106.040	1110.000
71.000	3106.050	600.000
