1.000	5749.300	320.000
2.000	5749.310	380.000
3.000	5749.320	470.000
4.000	5749.330	360.000
5.000	5749.340	330.000
6.000	5749.350	220.000
7.000	5749.360	260.000
8.000	5749.370	370.000
9.000	5749.380	330.000
10.000	5749.390	390.000
11.000	5749.400	380.000
12.000	5749.410	410.000
13.000	5749.420	330.000
14.000	5749.430	480.000
15.000	5749.440	460.000
16.000	5749.450	680.000
17.000	5749.460	480.000
18.000	5749.470	710.000
19.000	5749.480	800.000
20.000	5749.490	850.000
21.000	5749.500	1040.000
22.000	5749.510	1140.000
23.000	5749.520	1280.000
24.000	5749.530	1470.000
25.000	5749.540	1930.000
26.000	5749.550	1840.000
27.000	5749.560	1810.000
28.000	5749.570	1930.000
29.000	5749.580	2620.000
30.000	5749.590	2780.000
31.000	5749.600	3020.000
32.000	5749.610	3010.000
33.000	5749.620	2930.000
34.000	5749.630	3640.000
35.000	5749.640	3710.000
36.000	5749.650	4250.000
37.000	5749.660	5940.000
38.000	5749.670	5950.000
39.000	5749.680	6730.000
40.000	5749.690	6590.000
41.000	5749.700	6540.000
42.000	5749.710	6580.000
43.000	5749.720	6040.000
44.000	5749.730	5130.000
45.000	5749.740	4700.000
46.000	5749.750	4500.000
47.000	5749.760	3220.000
48.000	5749.770	3010.000
49.000	5749.780	2870.000
50.000	5749.790	2400.000
51.000	5749.800	2040.000
52.000	5749.810	2110.000
53.000	5749.820	1850.000
54.000	5749.830	1570.000
55.000	5749.840	1420.000
56.000	5749.850	1460.000
57.000	5749.860	1530.000
58.000	5749.870	1320.000
59.000	5749.880	1100.000
60.000	5749.890	1160.000
61.000	5749.900	1210.000
62.000	5749.910	1110.000
63.000	5749.920	1250.000
64.000	5749.930	1080.000
65.000	5749.940	1040.000
66.000	5749.950	780.000
67.000	5749.960	810.000
68.000	5749.970	690.000
69.000	5749.980	660.000
70.000	5749.990	660.000
71.000	5750.000	580.000
72.000	5750.010	520.000
73.000	5750.020	320.000
74.000	5750.030	310.000
75.000	5750.040	440.000
76.000	5750.050	490.000
77.000	5750.060	480.000
78.000	5750.070	420.000
79.000	5750.080	300.000
80.000	5750.090	310.000
81.000	5750.100	360.000
