1.000	3626.850	21950.000
2.000	3626.860	21740.000
3.000	3626.870	23200.000
4.000	3626.880	29550.000
5.000	3626.890	31810.000
6.000	3626.900	34750.000
7.000	3626.910	42580.000
8.000	3626.920	46850.000
9.000	3626.930	55820.000
10.000	3626.940	64160.000
11.000	3626.950	75950.000
12.000	3626.960	100850.000
13.000	3626.970	123730.000
14.000	3626.980	147110.000
15.000	3626.990	202770.000
16.000	3627.000	238210.000
17.000	3627.010	296890.000
18.000	3627.020	361810.000
19.000	3627.030	406940.000
20.000	3627.040	491620.000
21.000	3627.050	522350.000
22.000	3627.060	573300.000
23.000	3627.070	607140.000
24.000	3627.080	640370.000
25.000	3627.090	681680.000
26.000	3627.100	748560.000
27.000	3627.110	800770.000
28.000	3627.120	958280.000
29.000	3627.130	1050550.000
30.000	3627.140	1155900.000
31.000	3627.150	1225480.000
32.000	3627.160	1217260.000
33.000	3627.170	1161040.000
34.000	3627.180	1047570.000
35.000	3627.190	960210.000
36.000	3627.200	764300.000
37.000	3627.210	655920.000
38.000	3627.220	557510.000
39.000	3627.230	404180.000
40.000	3627.240	348470.000
41.000	3627.250	275360.000
42.000	3627.260	210150.000
43.000	3627.270	182540.000
44.000	3627.280	124140.000
45.000	3627.290	98060.000
46.000	3627.300	81260.000
47.000	3627.310	55150.000
48.000	3627.320	46930.000
49.000	3627.330	37810.000
50.000	3627.340	30460.000
51.000	3627.350	26420.000
