1.000	5422.600	1820.000
2.000	5422.610	1510.000
3.000	5422.620	1470.000
4.000	5422.630	1820.000
5.000	5422.640	1670.000
6.000	5422.650	1770.000
7.000	5422.660	1790.000
8.000	5422.670	1820.000
9.000	5422.680	1820.000
10.000	5422.690	1900.000
11.000	5422.700	2030.000
12.000	5422.710	2240.000
13.000	5422.720	2240.000
14.000	5422.730	2470.000
15.000	5422.740	2350.000
16.000	5422.750	3000.000
17.000	5422.760	3160.000
18.000	5422.770	3410.000
19.000	5422.780	3700.000
20.000	5422.790	4300.000
21.000	5422.800	4840.000
22.000	5422.810	5600.000
23.000	5422.820	6490.000
24.000	5422.830	8560.000
25.000	5422.840	9250.000
26.000	5422.850	9930.000
27.000	5422.860	12250.000
28.000	5422.870	14120.000
29.000	5422.880	18370.000
30.000	5422.890	19880.000
31.000	5422.900	22030.000
32.000	5422.910	25130.000
33.000	5422.920	25090.000
34.000	5422.930	28360.000
35.000	5422.940	29640.000
36.000	5422.950	31390.000
37.000	5422.960	38830.000
38.000	5422.970	41850.000
39.000	5422.980	48200.000
40.000	5422.990	66510.000
41.000	5423.000	77200.000
42.000	5423.010	97740.000
43.000	5423.020	124780.000
44.000	5423.030	145490.000
45.000	5423.040	205150.000
46.000	5423.050	226690.000
47.000	5423.060	254370.000
48.000	5423.070	340190.000
49.000	5423.080	369680.000
50.000	5423.090	461590.000
51.000	5423.100	562120.000
52.000	5423.110	619050.000
53.000	5423.120	716140.000
54.000	5423.130	717000.000
55.000	5423.140	701350.000
56.000	5423.150	612790.000
57.000	5423.160	589420.000
58.000	5423.170	536690.000
59.000	5423.180	452690.000
60.000	5423.190	403350.000
61.000	5423.200	322370.000
62.000	5423.210	290620.000
63.000	5423.220	256780.000
64.000	5423.230	199140.000
65.000	5423.240	177580.000
66.000	5423.250	148650.000
67.000	5423.260	120160.000
68.000	5423.270	108360.000
69.000	5423.280	73970.000
70.000	5423.290	65720.000
71.000	5423.300	54710.000
72.000	5423.310	39430.000
73.000	5423.320	33910.000
74.000	5423.330	27820.000
75.000	5423.340	23220.000
76.000	5423.350	20440.000
77.000	5423.360	14710.000
78.000	5423.370	12860.000
79.000	5423.380	12320.000
80.000	5423.390	9180.000
81.000	5423.400	8820.000
82.000	5423.410	7730.000
83.000	5423.420	6650.000
84.000	5423.430	6070.000
85.000	5423.440	5020.000
86.000	5423.450	5110.000
87.000	5423.460	4860.000
88.000	5423.470	4000.000
89.000	5423.480	3970.000
90.000	5423.490	3740.000
91.000	5423.500	3090.000
92.000	5423.510	2940.000
93.000	5423.520	3380.000
94.000	5423.530	3000.000
95.000	5423.540	2650.000
96.000	5423.550	2700.000
97.000	5423.560	2120.000
98.000	5423.570	2370.000
99.000	5423.580	2230.000
100.000	5423.590	2190.000
101.000	5423.600	2050.000
