1.000	5728.500	380.000
2.000	5728.510	310.000
3.000	5728.520	320.000
4.000	5728.530	250.000
5.000	5728.540	310.000
6.000	5728.550	370.000
7.000	5728.560	400.000
8.000	5728.570	360.000
9.000	5728.580	320.000
10.000	5728.590	400.000
11.000	5728.600	360.000
12.000	5728.610	320.000
13.000	5728.620	370.000
14.000	5728.630	530.000
15.000	5728.640	440.000
16.000	5728.650	330.000
17.000	5728.660	380.000
18.000	5728.670	550.000
19.000	5728.680	530.000
20.000	5728.690	530.000
21.000	5728.700	460.000
22.000	5728.710	680.000
23.000	5728.720	700.000
24.000	5728.730	890.000
25.000	5728.740	960.000
26.000	5728.750	1230.000
27.000	5728.760	1020.000
28.000	5728.770	1320.000
29.000	5728.780	1610.000
30.000	5728.790	2080.000
31.000	5728.800	2770.000
32.000	5728.810	3270.000
33.000	5728.820	4050.000
34.000	5728.830	4660.000
35.000	5728.840	5300.000
36.000	5728.850	5710.000
37.000	5728.860	7420.000
38.000	5728.870	8440.000
39.000	5728.880	10890.000
40.000	5728.890	11020.000
41.000	5728.900	12790.000
42.000	5728.910	13470.000
43.000	5728.920	12840.000
44.000	5728.930	13140.000
45.000	5728.940	12510.000
46.000	5728.950	12670.000
47.000	5728.960	9820.000
48.000	5728.970	9120.000
49.000	5728.980	7720.000
50.000	5728.990	6130.000
51.000	5729.000	5710.000
52.000	5729.010	4500.000
53.000	5729.020	4250.000
54.000	5729.030	3430.000
55.000	5729.040	2500.000
56.000	5729.050	2380.000
57.000	5729.060	2200.000
58.000	5729.070	1370.000
59.000	5729.080	1410.000
60.000	5729.090	1230.000
61.000	5729.100	1000.000
62.000	5729.110	920.000
63.000	5729.120	610.000
64.000	5729.130	730.000
65.000	5729.140	620.000
66.000	5729.150	490.000
67.000	5729.160	530.000
68.000	5729.170	440.000
69.000	5729.180	320.000
70.000	5729.190	520.000
71.000	5729.200	320.000
