1.000	6257.600	760.000
2.000	6257.610	700.000
3.000	6257.620	740.000
4.000	6257.630	980.000
5.000	6257.640	760.000
6.000	6257.650	960.000
7.000	6257.660	910.000
8.000	6257.670	960.000
9.000	6257.680	1170.000
10.000	6257.690	1240.000
11.000	6257.700	1090.000
12.000	6257.710	1330.000
13.000	6257.720	1400.000
14.000	6257.730	1480.000
15.000	6257.740	1610.000
16.000	6257.750	1620.000
17.000	6257.760	1880.000
18.000	6257.770	1970.000
19.000	6257.780	2260.000
20.000	6257.790	2330.000
21.000	6257.800	3190.000
22.000	6257.810	3540.000
23.000	6257.820	3970.000
24.000	6257.830	4570.000
25.000	6257.840	5860.000
26.000	6257.850	6720.000
27.000	6257.860	8220.000
28.000	6257.870	10320.000
29.000	6257.880	12990.000
30.000	6257.890	16500.000
31.000	6257.900	20930.000
32.000	6257.910	25630.000
33.000	6257.920	34200.000
34.000	6257.930	38650.000
35.000	6257.940	46240.000
36.000	6257.950	73970.000
37.000	6257.960	79120.000
38.000	6257.970	103870.000
39.000	6257.980	131490.000
40.000	6257.990	145580.000
41.000	6258.000	170460.000
42.000	6258.010	171680.000
43.000	6258.020	170520.000
44.000	6258.030	146980.000
45.000	6258.040	145180.000
46.000	6258.050	129770.000
47.000	6258.060	115490.000
48.000	6258.070	104980.000
49.000	6258.080	78500.000
50.000	6258.090	74560.000
51.000	6258.100	64570.000
52.000	6258.110	47530.000
53.000	6258.120	44770.000
54.000	6258.130	36800.000
55.000	6258.140	30080.000
56.000	6258.150	25530.000
57.000	6258.160	18650.000
58.000	6258.170	16740.000
59.000	6258.180	13200.000
60.000	6258.190	10180.000
61.000	6258.200	9350.000
62.000	6258.210	6850.000
63.000	6258.220	5060.000
64.000	6258.230	5030.000
65.000	6258.240	3580.000
66.000	6258.250	3000.000
67.000	6258.260	3000.000
68.000	6258.270	2290.000
69.000	6258.280	2320.000
70.000	6258.290	2160.000
71.000	6258.300	1790.000
72.000	6258.310	1700.000
73.000	6258.320	1210.000
74.000	6258.330	1310.000
75.000	6258.340	1040.000
76.000	6258.350	1380.000
77.000	6258.360	1130.000
78.000	6258.370	1330.000
79.000	6258.380	1170.000
80.000	6258.390	1200.000
81.000	6258.400	940.000
82.000	6258.410	1200.000
83.000	6258.420	1150.000
84.000	6258.430	1010.000
85.000	6258.440	780.000
86.000	6258.450	940.000
87.000	6258.460	580.000
88.000	6258.470	710.000
89.000	6258.480	710.000
90.000	6258.490	760.000
91.000	6258.500	790.000
