1.000	4828.900	2220.000
2.000	4828.910	2340.000
3.000	4828.920	3240.000
4.000	4828.930	2830.000
5.000	4828.940	3190.000
6.000	4828.950	3270.000
7.000	4828.960	3290.000
8.000	4828.970	3930.000
9.000	4828.980	4060.000
10.000	4828.990	4740.000
11.000	4829.000	5400.000
12.000	4829.010	5420.000
13.000	4829.020	6840.000
14.000	4829.030	7310.000
15.000	4829.040	8850.000
16.000	4829.050	10190.000
17.000	4829.060	11200.000
18.000	4829.070	14010.000
19.000	4829.080	15630.000
20.000	4829.090	18300.000
21.000	4829.100	21870.000
22.000	4829.110	24790.000
23.000	4829.120	32170.000
24.000	4829.130	36330.000
25.000	4829.140	42350.000
26.000	4829.150	57410.000
27.000	4829.160	59600.000
28.000	4829.170	71850.000
29.000	4829.180	82130.000
30.000	4829.190	93790.000
31.000	4829.200	119990.000
32.000	4829.210	125750.000
33.000	4829.220	138760.000
34.000	4829.230	171800.000
35.000	4829.240	182730.000
36.000	4829.250	197660.000
37.000	4829.260	209480.000
38.000	4829.270	219430.000
39.000	4829.280	235950.000
40.000	4829.290	241120.000
41.000	4829.300	243590.000
42.000	4829.310	246630.000
43.000	4829.320	241450.000
44.000	4829.330	245480.000
45.000	4829.340	237700.000
46.000	4829.350	233230.000
47.000	4829.360	213820.000
48.000	4829.370	200840.000
49.000	4829.380	187780.000
50.000	4829.390	168490.000
51.000	4829.400	159970.000
52.000	4829.410	139600.000
53.000	4829.420	122330.000
54.000	4829.430	109900.000
55.000	4829.440	87310.000
56.000	4829.450	73520.000
57.000	4829.460	64380.000
58.000	4829.470	47490.000
59.000	4829.480	43730.000
60.000	4829.490	35960.000
61.000	4829.500	29110.000
62.000	4829.510	24930.000
63.000	4829.520	18600.000
64.000	4829.530	16740.000
65.000	4829.540	14260.000
66.000	4829.550	10660.000
67.000	4829.560	9850.000
68.000	4829.570	8700.000
69.000	4829.580	6450.000
70.000	4829.590	6520.000
71.000	4829.600	5360.000
72.000	4829.610	5390.000
73.000	4829.620	4130.000
74.000	4829.630	3550.000
75.000	4829.640	3810.000
76.000	4829.650	3070.000
77.000	4829.660	2590.000
78.000	4829.670	2600.000
79.000	4829.680	2650.000
80.000	4829.690	2510.000
81.000	4829.700	2410.000
82.000	4829.710	1940.000
83.000	4829.720	2050.000
84.000	4829.730	2030.000
85.000	4829.740	1730.000
86.000	4829.750	1950.000
87.000	4829.760	1710.000
88.000	4829.770	1420.000
89.000	4829.780	1600.000
90.000	4829.790	1540.000
91.000	4829.800	1160.000
