1.000	4949.600	1160.000
2.000	4949.610	1200.000
3.000	4949.620	1480.000
4.000	4949.630	1380.000
5.000	4949.640	1580.000
6.000	4949.650	1780.000
7.000	4949.660	2100.000
8.000	4949.670	2190.000
9.000	4949.680	3330.000
10.000	4949.690	3350.000
11.000	4949.700	3930.000
12.000	4949.710	5270.000
13.000	4949.720	6300.000
14.000	4949.730	6980.000
15.000	4949.740	8230.000
16.000	4949.750	9120.000
17.000	4949.760	12040.000
18.000	4949.770	13180.000
19.000	4949.780	15090.000
20.000	4949.790	18650.000
21.000	4949.800	21540.000
22.000	4949.810	25650.000
23.000	4949.820	29340.000
24.000	4949.830	30490.000
25.000	4949.840	31920.000
26.000	4949.850	31090.000
27.000	4949.860	29410.000
28.000	4949.870	24130.000
29.000	4949.880	21880.000
30.000	4949.890	19460.000
31.000	4949.900	14230.000
32.000	4949.910	12110.000
33.000	4949.920	8330.000
34.000	4949.930	6750.000
35.000	4949.940	5630.000
36.000	4949.950	3720.000
37.000	4949.960	3620.000
38.000	4949.970	2860.000
39.000	4949.980	2620.000
40.000	4949.990	1940.000
41.000	4950.000	1680.000
42.000	4950.010	1510.000
43.000	4950.020	1280.000
44.000	4950.030	970.000
45.000	4950.040	1090.000
46.000	4950.050	1010.000
47.000	4950.060	670.000
48.000	4950.070	670.000
49.000	4950.080	530.000
50.000	4950.090	590.000
51.000	4950.100	640.000
