1.000	5853.400	78690.000
2.000	5853.410	80630.000
3.000	5853.420	86210.000
4.000	5853.430	89530.000
5.000	5853.440	101740.000
6.000	5853.450	104610.000
7.000	5853.460	113660.000
8.000	5853.470	132390.000
9.000	5853.480	134720.000
10.000	5853.490	146910.000
11.000	5853.500	160330.000
12.000	5853.510	171030.000
13.000	5853.520	197490.000
14.000	5853.530	210820.000
15.000	5853.540	230060.000
16.000	5853.550	273920.000
17.000	5853.560	287520.000
18.000	5853.570	328480.000
19.000	5853.580	389010.000
20.000	5853.590	432400.000
21.000	5853.600	563950.000
22.000	5853.610	614150.000
23.000	5853.620	748300.000
24.000	5853.630	982770.000
25.000	5853.640	1095790.000
26.000	5853.650	1364430.000
27.000	5853.660	1646210.000
28.000	5853.670	1851930.000
29.000	5853.680	2460410.000
30.000	5853.690	2678420.000
31.000	5853.700	3010410.000
32.000	5853.710	3619740.000
33.000	5853.720	3883640.000
34.000	5853.730	4549600.000
35.000	5853.740	5288610.000
36.000	5853.750	5916760.000
37.000	5853.760	7197410.000
38.000	5853.770	7653100.000
39.000	5853.780	8122030.000
40.000	5853.790	8826230.000
41.000	5853.800	8879760.000
42.000	5853.810	9153500.000
43.000	5853.820	9268940.000
44.000	5853.830	9263570.000
45.000	5853.840	8752900.000
46.000	5853.850	8624160.000
47.000	5853.860	8162600.000
48.000	5853.870	6999980.000
49.000	5853.880	6800470.000
50.000	5853.890	6002010.000
51.000	5853.900	5154310.000
52.000	5853.910	4617710.000
53.000	5853.920	3435300.000
54.000	5853.930	3199130.000
55.000	5853.940	2740660.000
56.000	5853.950	2104060.000
57.000	5853.960	1880900.000
58.000	5853.970	1548460.000
59.000	5853.980	1262050.000
60.000	5853.990	1104300.000
61.000	5854.000	840990.000
62.000	5854.010	743970.000
63.000	5854.020	633860.000
64.000	5854.030	508240.000
65.000	5854.040	455300.000
66.000	5854.050	391720.000
67.000	5854.060	335650.000
68.000	5854.070	300640.000
69.000	5854.080	250790.000
70.000	5854.090	232920.000
71.000	5854.100	216630.000
72.000	5854.110	185810.000
73.000	5854.120	178570.000
74.000	5854.130	167950.000
75.000	5854.140	156400.000
76.000	5854.150	147070.000
77.000	5854.160	130490.000
78.000	5854.170	125010.000
79.000	5854.180	120410.000
80.000	5854.190	108330.000
81.000	5854.200	106030.000
