1.000	4464.000	340.000
2.000	4464.010	300.000
3.000	4464.020	350.000
4.000	4464.030	380.000
5.000	4464.040	300.000
6.000	4464.050	340.000
7.000	4464.060	500.000
8.000	4464.070	340.000
9.000	4464.080	210.000
10.000	4464.090	430.000
11.000	4464.100	370.000
12.000	4464.110	220.000
13.000	4464.120	370.000
14.000	4464.130	310.000
15.000	4464.140	300.000
16.000	4464.150	240.000
17.000	4464.160	360.000
18.000	4464.170	360.000
19.000	4464.180	350.000
20.000	4464.190	330.000
21.000	4464.200	320.000
22.000	4464.210	280.000
23.000	4464.220	340.000
24.000	4464.230	420.000
25.000	4464.240	360.000
26.000	4464.250	210.000
27.000	4464.260	270.000
28.000	4464.270	510.000
29.000	4464.280	140.000
30.000	4464.290	380.000
31.000	4464.300	250.000
32.000	4464.310	340.000
33.000	4464.320	240.000
34.000	4464.330	290.000
35.000	4464.340	370.000
36.000	4464.350	420.000
37.000	4464.360	360.000
38.000	4464.370	320.000
39.000	4464.380	390.000
40.000	4464.390	320.000
41.000	4464.400	210.000
42.000	4464.410	220.000
43.000	4464.420	270.000
44.000	4464.430	330.000
45.000	4464.440	300.000
46.000	4464.450	260.000
47.000	4464.460	470.000
48.000	4464.470	360.000
49.000	4464.480	310.000
50.000	4464.490	290.000
51.000	4464.500	300.000
52.000	4464.510	440.000
53.000	4464.520	290.000
54.000	4464.530	250.000
55.000	4464.540	260.000
56.000	4464.550	270.000
57.000	4464.560	340.000
58.000	4464.570	350.000
59.000	4464.580	240.000
60.000	4464.590	350.000
61.000	4464.600	290.000
62.000	4464.610	250.000
63.000	4464.620	310.000
64.000	4464.630	440.000
65.000	4464.640	240.000
66.000	4464.650	270.000
67.000	4464.660	200.000
68.000	4464.670	450.000
69.000	4464.680	240.000
70.000	4464.690	270.000
71.000	4464.700	210.000
72.000	4464.710	270.000
73.000	4464.720	290.000
74.000	4464.730	200.000
75.000	4464.740	130.000
76.000	4464.750	340.000
77.000	4464.760	260.000
78.000	4464.770	510.000
79.000	4464.780	350.000
80.000	4464.790	280.000
81.000	4464.800	310.000
82.000	4464.810	300.000
83.000	4464.820	300.000
84.000	4464.830	310.000
85.000	4464.840	310.000
86.000	4464.850	250.000
87.000	4464.860	300.000
88.000	4464.870	320.000
89.000	4464.880	340.000
90.000	4464.890	250.000
91.000	4464.900	300.000
92.000	4464.910	370.000
93.000	4464.920	300.000
94.000	4464.930	340.000
95.000	4464.940	350.000
96.000	4464.950	270.000
97.000	4464.960	220.000
98.000	4464.970	280.000
99.000	4464.980	220.000
100.000	4464.990	210.000
101.000	4465.000	350.000
102.000	4465.010	250.000
103.000	4465.020	300.000
104.000	4465.030	440.000
105.000	4465.040	330.000
106.000	4465.050	270.000
107.000	4465.060	260.000
108.000	4465.070	390.000
109.000	4465.080	420.000
110.000	4465.090	300.000
111.000	4465.100	390.000
112.000	4465.110	310.000
113.000	4465.120	420.000
114.000	4465.130	310.000
115.000	4465.140	310.000
116.000	4465.150	320.000
117.000	4465.160	440.000
118.000	4465.170	430.000
119.000	4465.180	300.000
120.000	4465.190	440.000
121.000	4465.200	480.000
122.000	4465.210	400.000
123.000	4465.220	400.000
124.000	4465.230	320.000
125.000	4465.240	310.000
126.000	4465.250	270.000
127.000	4465.260	300.000
128.000	4465.270	310.000
129.000	4465.280	430.000
130.000	4465.290	390.000
131.000	4465.300	400.000
132.000	4465.310	350.000
133.000	4465.320	450.000
134.000	4465.330	450.000
135.000	4465.340	450.000
136.000	4465.350	610.000
137.000	4465.360	660.000
138.000	4465.370	630.000
139.000	4465.380	660.000
140.000	4465.390	690.000
141.000	4465.400	610.000
142.000	4465.410	570.000
143.000	4465.420	600.000
144.000	4465.430	580.000
145.000	4465.440	440.000
146.000	4465.450	520.000
147.000	4465.460	530.000
148.000	4465.470	330.000
149.000	4465.480	490.000
150.000	4465.490	420.000
151.000	4465.500	450.000
152.000	4465.510	310.000
153.000	4465.520	390.000
154.000	4465.530	220.000
155.000	4465.540	400.000
156.000	4465.550	280.000
157.000	4465.560	340.000
158.000	4465.570	400.000
159.000	4465.580	230.000
160.000	4465.590	450.000
161.000	4465.600	370.000
162.000	4465.610	370.000
163.000	4465.620	270.000
164.000	4465.630	410.000
165.000	4465.640	240.000
166.000	4465.650	310.000
167.000	4465.660	320.000
168.000	4465.670	450.000
169.000	4465.680	300.000
170.000	4465.690	300.000
171.000	4465.700	400.000
172.000	4465.710	340.000
173.000	4465.720	340.000
174.000	4465.730	280.000
175.000	4465.740	320.000
176.000	4465.750	350.000
177.000	4465.760	290.000
178.000	4465.770	470.000
179.000	4465.780	210.000
180.000	4465.790	380.000
181.000	4465.800	270.000
182.000	4465.810	260.000
183.000	4465.820	280.000
184.000	4465.830	400.000
185.000	4465.840	370.000
186.000	4465.850	240.000
187.000	4465.860	220.000
188.000	4465.870	340.000
189.000	4465.880	360.000
190.000	4465.890	360.000
191.000	4465.900	390.000
192.000	4465.910	360.000
193.000	4465.920	320.000
194.000	4465.930	190.000
195.000	4465.940	370.000
196.000	4465.950	400.000
197.000	4465.960	320.000
198.000	4465.970	210.000
199.000	4465.980	320.000
200.000	4465.990	340.000
201.000	4466.000	290.000
202.000	4466.010	320.000
203.000	4466.020	330.000
204.000	4466.030	310.000
205.000	4466.040	340.000
206.000	4466.050	130.000
207.000	4466.060	370.000
208.000	4466.070	330.000
209.000	4466.080	270.000
210.000	4466.090	380.000
211.000	4466.100	240.000
212.000	4466.110	290.000
213.000	4466.120	420.000
214.000	4466.130	310.000
215.000	4466.140	420.000
216.000	4466.150	340.000
217.000	4466.160	360.000
218.000	4466.170	380.000
219.000	4466.180	290.000
220.000	4466.190	370.000
221.000	4466.200	300.000
222.000	4466.210	360.000
223.000	4466.220	260.000
224.000	4466.230	300.000
225.000	4466.240	300.000
226.000	4466.250	240.000
227.000	4466.260	260.000
228.000	4466.270	260.000
229.000	4466.280	360.000
230.000	4466.290	290.000
231.000	4466.300	300.000
232.000	4466.310	330.000
233.000	4466.320	420.000
234.000	4466.330	350.000
235.000	4466.340	420.000
236.000	4466.350	230.000
237.000	4466.360	350.000
238.000	4466.370	410.000
239.000	4466.380	340.000
240.000	4466.390	390.000
241.000	4466.400	340.000
242.000	4466.410	270.000
243.000	4466.420	360.000
244.000	4466.430	300.000
245.000	4466.440	340.000
246.000	4466.450	380.000
247.000	4466.460	240.000
248.000	4466.470	390.000
249.000	4466.480	370.000
250.000	4466.490	330.000
251.000	4466.500	230.000
252.000	4466.510	250.000
253.000	4466.520	350.000
254.000	4466.530	200.000
255.000	4466.540	280.000
256.000	4466.550	300.000
257.000	4466.560	380.000
258.000	4466.570	340.000
259.000	4466.580	330.000
260.000	4466.590	280.000
261.000	4466.600	310.000
262.000	4466.610	290.000
263.000	4466.620	310.000
264.000	4466.630	290.000
265.000	4466.640	340.000
266.000	4466.650	260.000
267.000	4466.660	310.000
268.000	4466.670	330.000
269.000	4466.680	290.000
270.000	4466.690	480.000
271.000	4466.700	320.000
272.000	4466.710	280.000
273.000	4466.720	280.000
274.000	4466.730	310.000
275.000	4466.740	230.000
276.000	4466.750	450.000
277.000	4466.760	330.000
278.000	4466.770	360.000
279.000	4466.780	180.000
280.000	4466.790	250.000
281.000	4466.800	310.000
282.000	4466.810	380.000
283.000	4466.820	300.000
284.000	4466.830	340.000
285.000	4466.840	260.000
286.000	4466.850	280.000
287.000	4466.860	300.000
288.000	4466.870	250.000
289.000	4466.880	320.000
290.000	4466.890	290.000
291.000	4466.900	340.000
292.000	4466.910	260.000
293.000	4466.920	310.000
294.000	4466.930	380.000
295.000	4466.940	300.000
296.000	4466.950	310.000
297.000	4466.960	350.000
298.000	4466.970	370.000
299.000	4466.980	340.000
300.000	4466.990	330.000
301.000	4467.000	240.000
