1.000	5642.200	540.000
2.000	5642.210	510.000
3.000	5642.220	540.000
4.000	5642.230	640.000
5.000	5642.240	590.000
6.000	5642.250	530.000
7.000	5642.260	620.000
8.000	5642.270	670.000
9.000	5642.280	730.000
10.000	5642.290	720.000
11.000	5642.300	570.000
12.000	5642.310	840.000
13.000	5642.320	970.000
14.000	5642.330	730.000
15.000	5642.340	960.000
16.000	5642.350	1230.000
17.000	5642.360	1130.000
18.000	5642.370	1070.000
19.000	5642.380	1010.000
20.000	5642.390	1300.000
21.000	5642.400	1580.000
22.000	5642.410	1660.000
23.000	5642.420	2040.000
24.000	5642.430	2780.000
25.000	5642.440	2740.000
26.000	5642.450	3100.000
27.000	5642.460	4370.000
28.000	5642.470	4960.000
29.000	5642.480	6980.000
30.000	5642.490	8260.000
31.000	5642.500	9610.000
32.000	5642.510	12530.000
33.000	5642.520	14440.000
34.000	5642.530	19030.000
35.000	5642.540	22610.000
36.000	5642.550	25520.000
37.000	5642.560	31390.000
38.000	5642.570	34030.000
39.000	5642.580	36820.000
40.000	5642.590	47250.000
41.000	5642.600	50530.000
42.000	5642.610	61560.000
43.000	5642.620	77020.000
44.000	5642.630	85220.000
45.000	5642.640	104790.000
46.000	5642.650	108940.000
47.000	5642.660	111590.000
48.000	5642.670	106770.000
49.000	5642.680	103540.000
50.000	5642.690	96100.000
51.000	5642.700	82670.000
52.000	5642.710	72500.000
53.000	5642.720	56000.000
54.000	5642.730	48950.000
55.000	5642.740	39340.000
56.000	5642.750	29980.000
57.000	5642.760	26160.000
58.000	5642.770	19730.000
59.000	5642.780	15490.000
60.000	5642.790	14070.000
61.000	5642.800	10480.000
62.000	5642.810	9000.000
63.000	5642.820	7610.000
64.000	5642.830	6130.000
65.000	5642.840	4940.000
66.000	5642.850	4790.000
67.000	5642.860	3410.000
68.000	5642.870	3330.000
69.000	5642.880	2290.000
70.000	5642.890	2140.000
71.000	5642.900	1780.000
72.000	5642.910	1460.000
73.000	5642.920	1430.000
74.000	5642.930	1320.000
75.000	5642.940	1020.000
76.000	5642.950	1310.000
77.000	5642.960	1080.000
78.000	5642.970	1000.000
79.000	5642.980	1040.000
80.000	5642.990	710.000
81.000	5643.000	870.000
