21.000	5647.900	1080.000
22.000	5647.910	1320.000
23.000	5647.920	1530.000
24.000	5647.930	1470.000
25.000	5647.940	1500.000
26.000	5647.950	1950.000
27.000	5647.960	1790.000
28.000	5647.970	2180.000
29.000	5647.980	2530.000
30.000	5647.990	2930.000
31.000	5648.000	3670.000
32.000	5648.010	4220.000
33.000	5648.020	4770.000
34.000	5648.030	6850.000
35.000	5648.040	7300.000
36.000	5648.050	9860.000
37.000	5648.060	12090.000
38.000	5648.070	14190.000
39.000	5648.080	21150.000
40.000	5648.090	22780.000
41.000	5648.100	26620.000
42.000	5648.110	33600.000
43.000	5648.120	38360.000
44.000	5648.130	41920.000
45.000	5648.140	50250.000
46.000	5648.150	53320.000
47.000	5648.160	68670.000
48.000	5648.170	77430.000
49.000	5648.180	95170.000
50.000	5648.190	115190.000
51.000	5648.200	129550.000
52.000	5648.210	140560.000
53.000	5648.220	149300.000
54.000	5648.230	147930.000
55.000	5648.240	139610.000
56.000	5648.250	133530.000
57.000	5648.260	121030.000
58.000	5648.270	101170.000
59.000	5648.280	88350.000
60.000	5648.290	72510.000
61.000	5648.300	56860.000
62.000	5648.310	51200.000
63.000	5648.320	36200.000
64.000	5648.330	32160.000
65.000	5648.340	24960.000
66.000	5648.350	19250.000
67.000	5648.360	17390.000
68.000	5648.370	12940.000
69.000	5648.380	10810.000
70.000	5648.390	10280.000
71.000	5648.400	7600.000
72.000	5648.410	7010.000
73.000	5648.420	5590.000
74.000	5648.430	4210.000
75.000	5648.440	3560.000
76.000	5648.450	2780.000
77.000	5648.460	2540.000
78.000	5648.470	2120.000
79.000	5648.480	1860.000
80.000	5648.490	1880.000
81.000	5648.500	1750.000
