1.000	6115.200	350.000
2.000	6115.210	430.000
3.000	6115.220	260.000
4.000	6115.230	350.000
5.000	6115.240	210.000
6.000	6115.250	350.000
7.000	6115.260	390.000
8.000	6115.270	300.000
9.000	6115.280	420.000
10.000	6115.290	370.000
11.000	6115.300	460.000
12.000	6115.310	380.000
13.000	6115.320	510.000
14.000	6115.330	550.000
15.000	6115.340	480.000
16.000	6115.350	530.000
17.000	6115.360	570.000
18.000	6115.370	650.000
19.000	6115.380	540.000
20.000	6115.390	840.000
21.000	6115.400	740.000
22.000	6115.410	1200.000
23.000	6115.420	1140.000
24.000	6115.430	1300.000
25.000	6115.440	1640.000
26.000	6115.450	1960.000
27.000	6115.460	2330.000
28.000	6115.470	2940.000
29.000	6115.480	3260.000
30.000	6115.490	3380.000
31.000	6115.500	4000.000
32.000	6115.510	4670.000
33.000	6115.520	6480.000
34.000	6115.530	8080.000
35.000	6115.540	9820.000
36.000	6115.550	11520.000
37.000	6115.560	11510.000
38.000	6115.570	12530.000
39.000	6115.580	10920.000
40.000	6115.590	10890.000
41.000	6115.600	9360.000
42.000	6115.610	8060.000
43.000	6115.620	7120.000
44.000	6115.630	4840.000
45.000	6115.640	4440.000
46.000	6115.650	4130.000
47.000	6115.660	2990.000
48.000	6115.670	2610.000
49.000	6115.680	2050.000
50.000	6115.690	1970.000
51.000	6115.700	1570.000
52.000	6115.710	1070.000
53.000	6115.720	1090.000
54.000	6115.730	960.000
55.000	6115.740	810.000
56.000	6115.750	620.000
57.000	6115.760	470.000
58.000	6115.770	580.000
59.000	6115.780	520.000
60.000	6115.790	510.000
61.000	6115.800	580.000
62.000	6115.810	390.000
63.000	6115.820	440.000
64.000	6115.830	460.000
65.000	6115.840	340.000
66.000	6115.850	300.000
67.000	6115.860	340.000
68.000	6115.870	290.000
69.000	6115.880	420.000
70.000	6115.890	480.000
71.000	6115.900	270.000
