1.000	4468.500	320.000
2.000	4468.510	320.000
3.000	4468.520	320.000
4.000	4468.530	360.000
5.000	4468.540	390.000
6.000	4468.550	270.000
7.000	4468.560	430.000
8.000	4468.570	320.000
9.000	4468.580	350.000
10.000	4468.590	430.000
11.000	4468.600	410.000
12.000	4468.610	390.000
13.000	4468.620	410.000
14.000	4468.630	440.000
15.000	4468.640	420.000
16.000	4468.650	520.000
17.000	4468.660	490.000
18.000	4468.670	520.000
19.000	4468.680	500.000
20.000	4468.690	630.000
21.000	4468.700	510.000
22.000	4468.710	840.000
23.000	4468.720	780.000
24.000	4468.730	660.000
25.000	4468.740	770.000
26.000	4468.750	630.000
27.000	4468.760	910.000
28.000	4468.770	1050.000
29.000	4468.780	900.000
30.000	4468.790	960.000
31.000	4468.800	840.000
32.000	4468.810	720.000
33.000	4468.820	710.000
34.000	4468.830	710.000
35.000	4468.840	550.000
36.000	4468.850	640.000
37.000	4468.860	550.000
38.000	4468.870	360.000
39.000	4468.880	380.000
40.000	4468.890	440.000
41.000	4468.900	520.000
42.000	4468.910	260.000
43.000	4468.920	500.000
44.000	4468.930	310.000
45.000	4468.940	270.000
46.000	4468.950	480.000
47.000	4468.960	320.000
48.000	4468.970	420.000
49.000	4468.980	360.000
50.000	4468.990	430.000
51.000	4469.000	450.000
52.000	4469.010	350.000
53.000	4469.020	340.000
54.000	4469.030	450.000
55.000	4469.040	320.000
56.000	4469.050	400.000
57.000	4469.060	210.000
58.000	4469.070	280.000
59.000	4469.080	330.000
60.000	4469.090	330.000
61.000	4469.100	340.000
