1.000	5847.500	158570.000
2.000	5847.510	154100.000
3.000	5847.520	160250.000
4.000	5847.530	162380.000
5.000	5847.540	171770.000
6.000	5847.550	186490.000
7.000	5847.560	191750.000
8.000	5847.570	211270.000
9.000	5847.580	223790.000
10.000	5847.590	235950.000
11.000	5847.600	271240.000
12.000	5847.610	283710.000
13.000	5847.620	304640.000
14.000	5847.630	342430.000
15.000	5847.640	360450.000
16.000	5847.650	400990.000
17.000	5847.660	453000.000
18.000	5847.670	488860.000
19.000	5847.680	610890.000
20.000	5847.690	662700.000
21.000	5847.700	747810.000
22.000	5847.710	945140.000
23.000	5847.720	981730.000
24.000	5847.730	1189750.000
25.000	5847.740	1380520.000
26.000	5847.750	1528290.000
27.000	5847.760	2018130.000
28.000	5847.770	2132970.000
29.000	5847.780	2426000.000
30.000	5847.790	2975360.000
31.000	5847.800	3107840.000
32.000	5847.810	3553880.000
33.000	5847.820	4131770.000
34.000	5847.830	4578320.000
35.000	5847.840	5840960.000
36.000	5847.850	6226440.000
37.000	5847.860	6736820.000
38.000	5847.870	7273400.000
39.000	5847.880	7397170.000
40.000	5847.890	7550290.000
41.000	5847.900	7710280.000
42.000	5847.910	7806320.000
43.000	5847.920	7799560.000
44.000	5847.930	7764660.000
45.000	5847.940	7590020.000
46.000	5847.950	7148570.000
47.000	5847.960	6881350.000
48.000	5847.970	6362320.000
49.000	5847.980	5793910.000
50.000	5847.990	5378830.000
51.000	5848.000	4462190.000
52.000	5848.010	4010390.000
53.000	5848.020	3561890.000
54.000	5848.030	2703680.000
55.000	5848.040	2585840.000
56.000	5848.050	2190430.000
57.000	5848.060	1878100.000
58.000	5848.070	1660930.000
59.000	5848.080	1283120.000
60.000	5848.090	1192290.000
61.000	5848.100	1053400.000
62.000	5848.110	820590.000
63.000	5848.120	777960.000
64.000	5848.130	670910.000
65.000	5848.140	578430.000
66.000	5848.150	533760.000
67.000	5848.160	440740.000
68.000	5848.170	410710.000
69.000	5848.180	380030.000
70.000	5848.190	336310.000
71.000	5848.200	318080.000
72.000	5848.210	289770.000
73.000	5848.220	269000.000
74.000	5848.230	255760.000
75.000	5848.240	230060.000
76.000	5848.250	221650.000
77.000	5848.260	207100.000
78.000	5848.270	192300.000
79.000	5848.280	183570.000
80.000	5848.290	175690.000
81.000	5848.300	164670.000
